100
-841719 -913638
882749 -738692
94154.2 -55468.9
566256 314449
-993687 -999679
-842507 676818
-178758 -890159
-109048 -118393
-546156 -991220
-654450 649101
-242401 -999116
-546505 375004
668780 397362
-896418 -999174
634391 -556735
-263515 37218.4
-900053 -576453
-935859 -896334
-517994 617880
-815879 -998119
-995385 435268
-994929 -81213.4
-561206 -638593
-998454 714586
-885417 -685726
189413 -924201
-450074 -492987
459881 474100
-660914 -758892
-714598 -667467
-381962 -984507
957623 -999781
-238188 127817
-981925 -488737
-668114 -655717
-654704 -741903
-957439 -990587
-408808 -243828
77424.4 -658397
-124219 -727409
-590657 -689682
-989722 293846
959073 96864.6
-27581.9 -810168
-915002 -819491
-910050 18142.3
-414899 -608625
811192 -929041
-563205 -801996
-860204 302107
635495 -886873
-578977 -777303
951227 -999643
-999992 -872354
-975563 -630715
-967733 -349517
-190294 114746
-491757 -635994
-926020 -613738
-964557 -996249
805736 939910
-974636 -996605
272530 872576
-608895 -133243
313558 -829185
-470807 617331
723186 212494
-591264 -956400
-882269 706908
797858 -851088
288158 -975238
163852 160781
-764789 -995326
-424630 647439
426285 19013.5
-989826 -313313
-784013 -289578
103293 -152423
267958 -492311
-927166 -536980
19623.5 68126.3
819217 -842.98
831345 458317
-923654 -152503
-252958 799826
-930914 -472125
-404886 -497525
-49166.6 386770
-951531 278575
684540 -875632
-928211 -986148
-917946 -974042
-993367 -888925
-995594 839648
-421548 -823103
3821.73 -720424
-846524 -318524
890693 -807905
997559 -57229.8
-854170 -755404
