100
-838578 -692273
-889528 705330
-387582 -996380
-407015 -808623
-945420 152796
-952439 817471
-376590 -721610
-205062 -540732
-692464 313855
920841 -999813
-726326 -875632
-812455 354835
-693326 -836979
-620575 -980530
-607706 583045
-941438 220968
-967484 -618125
-783130 -981587
-877452 -304054
-906574 107740
-769662 -800341
-22382.7 -803415
-348473 349615
-435901 732604
639693 -68843.8
-986501 -45459.5
773864 819450
-962764 593053
-780833 -417734
653205 -252585
-933186 -274952
769843 -174136
-738118 -825779
-998837 -763532
-985552 -280234
351320 -664324
43116.8 -404486
-783813 -976246
-912416 -287612
395934 -999441
914266 -525872
-390416 187719
318014 -841890
-405818 566364
-445327 801563
-958025 -953747
602108 -896418
-537567 -121309
20.03 -993521
-820918 912237
-706003 -726642
38801.4 -539619
-996570 -469676
-982626 -613631
-640096 -980842
-285935 362280
-288850 -464509
155671 -698940
322775 927786
-435383 -994431
-554894 -838890
-986107 -955658
-404620 -972174
944962 -483167
-656376 -904425
676930 861843
-516674 -978908
-390348 -837710
-381487 -29198.6
357147 -992504
-922120 -207216
-953487 -277889
-847402 -551721
472214 -771440
314449 14052.8
-717679 293846
-926980 36427.4
-601137 -58654.1
-965172 -435512
738859 -999995
-857936 -67593.9
-654602 723526
247339 650765
-887250 -805932
-993618 882038
-964671 -701304
-413445 -675089
-972704 107195
-991228 -575835
211734 -989555
-20418.7 -997579
-180634 -7991.63
-884362 409224
88383.1 -492003
-68177.3 -201672
-988218 -970538
-334463 150110
-970002 -956382
-50176.3 289432
917014 -917971
