100
-0.84 -10.96
5.56 -8.3
-2.47 -9.68
1.42 10.9
-2.01 10.81
-6.47 -7.61
4.84 -9.87
-9.45 -3.24
5.83 9.32
7 -7.14
-1.69 10.86
5.04 9.77
7.32 6.8
-9.5 5.53
7.38 8.15
0.29 -9.99
8.3 5.57
1.41 9.9
-0.96 -9.95
-6.85 7.28
-3.83 9.23
8.34 7.16
3.37 10.46
-2.6 9.65
3.27 -10.5
-3.54 -10.41
3.55 9.34
-0.36 9.99
9.39 -3.41
-7.05 -7.08
2.05 10.8
7.2 -8.31
3.08 -10.55
3.86 9.22
10.77 2.19
9.52 -3.03
-6.5 7.59
0.46 -10.99
4.48 -10.04
8.83 -4.69
4.95 8.68
1.68 -9.85
-2.11 -10.79
-6.71 -8.7
6.22 -9.06
8.47 7.01
-2.55 10.69
-6.05 7.95
8.97 -4.41
9.98 0.48
3.95 -9.18
-1.17 -9.93
-1.48 9.88
-10.16 -4.19
-9.8 -4.98
-6.82 8.62
-4.92 8.7
-7.47 6.64
-0.1 10.99
2.01 -9.79
-8.79 -4.76
0.27 9.99
-9.8 1.97
-9.05 -6.24
2.57 9.66
-2.94 9.55
9.53 -5.48
9.32 -5.83
-10.21 4.08
-6.27 9.03
-8.69 4.94
-9.72 2.33
3.91 -10.27
-9.48 -5.57
1.11 -10.94
-4.42 -10.06
6.26 7.79
6.84 8.61
-6.04 -9.18
7.83 -6.21
-3.48 10.43
-8.06 7.48
5.13 8.58
-4.22 9.06
-8.62 -5.06
3.86 -9.22
9.94 4.69
-3.85 -10.3
0.49 -9.98
5.82 -9.33
10.4 3.57
-10.83 1.91
-0.28 10.99
-4.62 -8.86
-5.27 -8.49
6.59 7.52
-0.94 9.95
-4.09 10.2
-2.3 -10.75
10.95 -0.95
