100
-136.2 990.68
447.98 894.04
-268.16 963.37
-187.04 982.35
-120.76 992.68
-79.25 996.85
19.92 -999.8
987.54 -157.31
-781.48 623.92
667.83 744.3
-984.19 177.1
681.56 -731.75
-426.67 904.4
617.29 786.72
400.18 -916.43
973.2 -229.94
224.4 -974.49
499.19 -866.49
-428.57 903.5
-97.5 -995.23
611.92 790.91
978.39 206.75
-158.48 -987.36
-770.19 637.8
155.73 -987.79
-962.64 -270.76
-118.99 -992.89
-556.99 830.51
-674.06 738.67
-390.91 920.42
414.41 -910.08
15.83 -999.87
-37.07 -999.31
459.76 -888.04
165.44 -986.21
915.15 403.09
847.59 -530.65
321.51 -946.9
-947.56 -319.55
-640.85 767.65
521.95 -852.97
275.55 -961.28
633.77 773.51
-174.84 -984.59
-640.73 767.76
384.68 -923.04
-197.36 980.33
-692.86 721.07
884.57 466.39
-266.82 963.74
-176 -984.39
344.64 938.73
774.83 -632.16
75.16 997.17
176.85 984.23
528.48 848.94
-714.89 699.23
399.45 916.75
957.21 -289.38
837.82 545.93
467.46 -995.72
982.9 -493.85
885.14 -653.07
-432.28 1011.49
448.53 -1004.39
337.07 1047.08
-93.76 -1095.99
-358.76 -1039.84
522.99 967.71
-941.14 -569.42
876.35 664.83
-880.71 -659.04
309.61 1055.52
127.8 1092.55
309.28 -1055.62
-287.59 1061.73
575.76 -937.28
-189.16 -1083.61
856.21 -690.58
-483.51 988.03
908.44 620.26
-297.8 -1058.92
864.06 680.72
240.39 1073.41
960.48 536.16
338.42 -1046.64
709.37 -840.7
408.11 -1021.49
871.65 670.98
587.91 929.7
-493.45 -983.11
936.31 -577.34
864.53 -680.12
615.91 911.39
-208.16 -1080.12
1086.3 -173.04
16.08 -1099.88
-375.55 1033.9
381.66 1031.66
191.98 1083.11
