100
130646 -185912
124257 189008
566620 677586
198263 423656
485097 964715
479661 314240
-431770 -260726
710946 838142
731725 986834
864845 533345
250458 324049
313264 -645407
-590005 312938
936111 -384437
-810232 197091
759731 290526
382503 850354
952905 681946
525403 -49104.4
963409 806895
147737 52821.1
226855 469271
96831.6 855855
197244 681293
438498 885870
732852 510646
250946 -344298
861470 -607498
-195262 286262
631659 755946
702613 995050
364192 648370
16661.6 -464052
828854 853123
493743 447128
840796 384796
382635 -146027
114771 645702
257419 -458388
-134949 963565
-388915 238688
791766 -106761
978090 327410
-607343 610499
-653768 388098
-231896 -207183
261006 409739
187210 981050
-593143 921491
881755 84125.8
152672 378568
576872 906471
-798986 888748
966671 -10970.5
284267 875419
-222968 -479536
222469 -636902
532270 -603168
682600 -720487
343498 551272
642992 788322
-251700 -35655.7
168189 -169507
742442 550997
-23954 304450
101108 619946
-48655.2 210326
650553 -169434
969896 446495
-14618.4 787776
930081 778602
963720 -290384
67902.4 106913
946017 801279
633529 825547
246988 85926
-209341 323034
650886 -273720
265885 716964
777504 379718
79612.4 415659
514440 725369
-390315 885255
-104373 995784
316513 -368385
126210 -536876
-499017 704369
-302355 899768
773172 521637
-842193 252214
377815 50848.1
914937 767518
503884 221170
-396049 -234363
951498 116795
150605 -113001
643066 978213
357913 433355
124583 -252026
-261718 743177
