100
133826 -470929
-281494 512342
57391.2 855361
-475914 896005
576679 533305
365444 350567
-16168.2 -49682.3
920792 214555
387482 -342346
870890 428663
626827 941369
648111 881171
-495254 422283
602825 -238119
411816 491453
300185 -670756
-277850 983790
664803 979632
686404 722076
384311 760598
869519 521195
-437600 227949
615305 -319360
967322 846788
869878 71839
540731 554024
533743 652512
380116 677186
-148102 814379
424341 569656
169599 894137
857498 -414731
446158 993122
316652 369372
-490560 194539
-151836 90972.9
592625 677222
123171 186335
-280645 -307448
705694 -696814
693699 531313
469686 -1511.8
-226669 606477
-48334.5 794455
-705184 11545.6
-161607 -51675.4
-292365 197907
-303843 -242941
486822 -137634
159694 152884
687128 839171
-869738 -68691.2
899286 -74212.9
635135 -224384
567127 632183
-180978 -37366.1
-94342.5 638789
965553 942281
-345976 785213
55715.8 254455
-52512.5 -266362
904645 333557
648222 670549
-151260 421253
490102 796257
916466 38578.9
791936 -887868
807571 -129953
956870 442143
-193066 948023
819854 831222
69501.6 716644
804055 208761
616740 533464
-899341 744262
-772225 520593
686115 945075
401402 -214064
570278 141979
-542578 235975
-234284 11666.3
-46220.3 243508
41513.3 59755.2
432886 763611
204107 -139831
190752 147046
47881.7 228645
-334596 676203
95328.1 608299
914841 403491
-200437 807064
833920 224365
652844 153043
-961.79 599661
150446 117996
768657 888425
-51675.4 -398175
836614 -116725
823238 773310
-712733 342771
