100
9 8.15
9.37 9.69
9.94 9.98
8 9.44
5.38 9.47
8.71 7.77
9.91 7.94
9.05 9.99
9.12 9.8
9.97 9.64
9.52 7.42
8.4 8.32
6.51 3.85
9.09 8.71
8.87 9.57
7.84 9.02
8.02 8.56
9.48 8.38
9.95 9.49
9.43 9.26
9.69 6.63
6.33 9.35
9.32 7.38
6.94 9.66
9.85 9.89
6.94 9.63
7.35 9.78
9.76 9.61
3.94 6.55
9.48 7.83
5.85 8.77
8.68 8.51
8.67 7.45
7.44 8.69
7.44 8.34
8.07 9.01
8.23 9.49
5.73 3.95
9.95 8.47
8.86 9.34
9.72 8.59
5.01 9.26
9.41 5.96
5.67 8.64
8.07 8.34
8.89 7.19
7.98 6.6
7.62 8.13
9.01 6.2
7.98 5.76
9.63 3.86
4.12 9.91
6.27 7.96
8.46 6.09
7.94 6.95
9.71 4.98
8.53 9.82
9.94 6.5
9.91 7.28
4.54 9.83
5.75 6.02
9.15 4.31
6.51 5
9.8 5.43
9.07 7.03
7.4 4.44
8.5 4.33
4.89 8.18
3.74 9.54
5.71 7.93
9.37 3
8.5 3.9
9.42 7.09
1.68 9.38
6.35 9.55
2.73 9.35
8.9 5.22
5.31 4.83
5.46 9.98
7.75 7.21
5.8 8.23
8.69 2
2.93 9.74
9.62 0.7
4.2 6.24
4.49 6.13
9.54 5.49
1.68 6.25
7.79 3.74
9.03 4.33
9.36 3.64
7.79 4.06
5.74 9.24
6.32 9.84
4.23 6.62
5.87 2.64
9.88 3.09
3.45 7.75
6.39 7.42
3.21 9.57
