100
9.02 9.82
8.6 9.77
9.81 8.22
9.81 8.44
8.58 8.89
4.9 8.33
9.21 9.14
6.27 9.69
9.34 9.41
8.87 9.74
9.35 9.13
9.1 9.4
9.93 9.17
6.95 8.22
9.64 9.49
9.45 9.95
9.89 8.75
7.47 8.41
9.68 9.6
7.79 9.81
8.98 6.46
6.48 9.78
6.25 7.53
7.83 9.95
8.15 7.04
8.69 7.51
5.86 9.71
9.65 5.89
8.18 8.47
9.71 9.19
9.91 9.97
8.69 8.66
8.77 5.34
8.31 6.87
8 9.13
8.86 8.18
9.7 5.87
8.91 7.94
8.89 7.1
9.92 4.92
4.88 9.8
8.65 9.97
7.43 9.58
5.85 6.77
7.23 9.69
4.49 6.41
7.39 8.76
8.71 5.57
9.63 7.48
9.37 4.52
6.16 8.89
9.68 6.9
8.17 6.18
8.19 6.8
5.93 9.96
4.93 8.55
9.98 0.29
5.89 9.05
7.13 6.45
8.46 7.91
4.25 8.45
3.72 8.81
5.4 9.01
3.71 9.61
7.66 7.79
9.51 7.87
5.28 4.96
4.32 8.98
6.47 8.17
8.85 4.49
4.48 7.48
9.45 4.67
7.63 4.23
9.99 8.82
7.79 3.4
7.39 2.89
8.4 5.17
7.03 5.26
9.24 6.73
5.01 9.93
8.21 7.93
9.57 0.29
9.24 7.93
9.99 2.08
4.25 7.05
3.85 9.43
2.49 7.95
1.39 7.07
5.65 7.87
2 7.97
9.9 6.93
9.69 4.84
5.8 8.19
9.3 1.39
6.62 5.12
3.24 7.75
3.26 9.32
3.51 6.35
0.7 6.91
5.44 4.18
