100
714774 661184
623524 -161351
366558 824335
642079 669485
-15656 -668508
-35859.2 -605213
65218.1 -678213
282937 604358
833674 -858089
496872 787103
268654 -483688
-550707 -636708
-741203 -669485
828059 -764641
199622 -909299
-962279 420881
344157 120884
-142735 -669912
220069 561266
694998 -749260
426191 229896
253883 602222
-880367 -589953
419599 521348
-492294 -374187
183508 343669
-344768 -531663
413556 540880
-78157.9 -464156
-715201 -322123
339763 -451094
-816340 952696
-753960 -295816
895932 879696
-518784 -670949
-106601 -319193
-533677 899533
530686 -54048.3
-528001 483505
964110 -874935
391156 673025
605945 415693
-672292 -933226
926817 -393658
-684622 366192
-582568 440596
-523728 -853206
-476180 62044.1
934812 -631336
366802 -894955
797113 -313028
-940001 -8636.74
-490280 626026
-562365 -3143.41
-90060.1 679250
4730.37 650441
-720756 -602710
922849 27008.9
714286 527024
843196 -502121
-874630 -736625
-599780 -499496
178076 677908
177770 -109836
-513108 -615650
-40070.8 -563585
376995 -493576
-919858 26520.6
-476424 -992553
680410 138218
783441 -552965
-307474 -855342
530137 -775018
-644704 -985961
805597 -623280
79012.4 965941
-399518 -18158.5
469955 -352763
576464 248024
-672353 390606
-458419 333781
427717 116428
-6988.74 -28412.7
901547 -556871
-962401 -45320
-973144 565905
5157.63 -450850
240699 467757
-935972 -105197
-812860 25849.2
154881 456465
613514 573473
-448347 588549
925901 482894
365276 -724235
-781915 -670583
300516 -888180
-414899 200293
979553 -421003
-465560 -289590
