100
-70.78 -81.79
-65.43 68.6
17.77 -85.58
98.2 -92.79
-45.52 23.72
-18.85 -81.68
63.57 -97.58
27.54 30.55
76.03 -93.12
20.25 39.21
74.51 83.79
35.36 -32.37
-66.01 73.14
58.09 44.69
-85.62 -44.55
-33.87 -20.43
-38.66 -25.68
86.95 -85.07
-28.48 -34.33
35.12 -59.99
-21.49 24.9
35.94 -55.4
-84.19 43.05
41.74 95.32
-87.12 43.53
46.83 -84.5
-19.24 -49.62
-92.24 49.67
43.32 -80.6
74.73 94.23
-29.5 63.54
-59.34 -24.76
-30.28 -96.41
14 54.82
-8.19 -24.53
21.81 47.33
-92.47 -74.44
-51.07 -73.57
-88.83 -74.99
-80.13 -95.42
-92.73 -65.47
-70.45 65.94
-63.21 50.81
-71.02 -65.92
-0.93 65.83
72.43 -44.31
-74.37 70.29
32.07 -18.46
62.23 32.42
-13.52 -73.96
15.42 -16.49
-10.81 86.43
19.71 -58.81
-76.36 -96.88
-18.25 2.02
-49.33 42.16
-42.32 -65.61
54.77 -18.58
-80 -97.07
-4.45 -18.74
-29.96 56.08
70.37 21.48
52.47 7.59
-5.25 -14.56
-72.02 -56.49
-93.63 72.55
60.38 -14.27
-0.6 -79.16
-25.52 -56.49
-5.08 20.2
-59.14 84.14
-45.89 98.17
-56.15 53.91
40.14 59.04
-10.97 -19.2
-64.75 -42.15
-93.72 89.97
-81 -9.68
-95 63.58
-85.74 -19.87
37.32 75.74
-93.06 -55.37
25.94 -65.68
45.85 20.33
12.5 60.5
28.8 -70.48
83.09 -62.4
81.39 68.93
-73.22 -39.84
-65.46 2.18
83.75 -85.27
-92.87 36.75
-60.92 23.62
99.99 67.11
-81.6 -17.36
7.44 -34.9
41.88 -75.7
-47.31 98.74
92.63 -62.26
53.21 60.94
