100
-694082 448164
579333 26886.8
-383282 -318705
89877 744072
-917966 345134
-811396 -631397
-128086 707755
-263894 -676382
-297708 665273
-87557.6 -535447
820673 34760.6
-412458 -782281
839228 -695303
320292 -166967
-771661 -595325
299539 811457
282876 57222.2
-461592 -428388
372723 -725883
-364605 -583239
292398 -440291
-585864 -134922
519700 -615955
754936 405744
197424 -512619
-70345.2 -256813
-349651 580187
753777 -407331
-750359 -946.07
866451 -911618
437483 -116794
-547472 867733
-275491 432417
-281167 893857
-527879 809381
435713 -921079
272744 -750481
-141392 771050
739982 940367
340617 165807
-478317 -767876
948729 -292337
-651906 744011
396832 541246
-72603.5 -73397
-392621 75655.4
-498398 -355632
214759 -274758
-124546 -660268
322245 888485
729911 -657826
-174657 227149
33295.7 883847
614429 309488
363384 384991
-31586.7 678579
-48860.1 -428205
452498 -590625
260231 -12299
632313 216346
913999 -537095
-83346 -825800
-217444 -897336
-157445 115085
-957152 357952
-887265 763176
-976623 740287
701224 670461
646840 -255837
336283 -983886
282937 -461226
675893 -668691
-176061 -8758.81
486435 -788018
-204810 585192
-861568 83224
313334 796014
-269631 -924009
-295328 -514756
-845332 80660.4
-403607 878048
417096 37812.4
292703 -316263
-477157 -469649
-751335 924986
241493 -260842
454268 -965087
-937010 823725
-458846 -212195
-341533 -208167
424421 -377117
-843989 919797
292032 -73824.3
-452986 785455
754753 831538
532579 977966
-31891.8 103610
-875668 545030
-459822 -334635
312235 -758965
