58 58
1 1 20
1 1 39
0 1 11
1 1 29
0 1 16
1 1 37
1 1 15
1 1 10
1 1 1
1 1 45
1 1 9
0 1 47
1 1 26
1 1 42
0 1 2
0 1 34
1 1 17
0 1 31
0 1 8
0 1 54
0 1 51
1 1 22
0 1 7
0 1 19
0 1 55
1 1 52
0 1 21
1 1 0
1 1 35
0 1 48
1 1 36
0 1 25
1 1 12
1 1 40
1 1 23
1 1 32
1 0
1 1 43
0 1 6
0 1 30
0 1 53
0 1 27
0 1 38
1 1 41
1 1 57
0 1 13
1 1 4
0 1 46
0 1 33
0 1 24
0 1 5
1 1 49
1 1 56
1 1 50
1 1 18
1 1 14
0 1 44
1 1 28
1 1 25
0 1 34
1 1 51
0 1 55
0 1 52
1 1 15
0 1 17
0 1 48
1 1 7
0 1 10
1 1 39
1 1 35
1 1 44
1 1 0
0 1 53
0 1 12
0 1 40
1 1 29
1 1 56
1 1 33
0 1 57
1 1 49
1 1 11
0 1 31
1 1 13
0 1 45
0 1 42
0 1 21
1 1 37
1 1 9
1 1 3
0 1 38
1 1 46
0 1 36
0 1 18
1 1 6
0 1 28
0 1 24
1 1 47
1 1 20
1 1 30
0 1 4
0 1 19
0 1 54
0 0
0 1 22
0 1 14
0 1 5
1 1 1
1 1 50
1 1 41
1 1 8
0 1 2
1 1 26
0 1 16
1 1 23
1 1 32
0 1 43
