57 57
0 4 1 2 4 5
1 0
0 0
0 0
1 1 3
1 1 6
0 0
1 1 8
0 1 9
0 1 10
1 1 11
0 1 12
0 1 13
0 1 14
0 1 15
0 1 16
1 1 17
1 1 18
1 1 19
1 1 20
0 1 21
0 1 22
0 1 23
0 1 24
1 1 25
1 1 26
1 1 27
1 1 28
0 1 29
0 1 30
0 1 31
1 1 32
1 1 33
0 1 34
1 1 35
0 1 36
1 1 37
1 1 38
0 1 39
0 1 40
1 1 41
1 1 42
0 1 43
1 1 44
0 1 45
1 1 46
0 1 47
1 1 48
0 1 49
1 1 50
1 1 51
0 1 52
1 1 53
1 1 54
1 1 55
0 0
0 2 0 7
0 1 13
0 1 24
0 0
1 1 19
0 0
1 1 9
0 0
1 1 43
0 1 4
0 1 42
0 2 20 28
0 0
1 1 11
1 1 22
1 0
1 1 14
1 0
0 0
0 0
0 4 10 23 27 34
0 1 12
1 0
0 2 7 44
1 1 6
1 1 32
0 2 3 16
0 3 5 18 37
0 0
1 1 33
1 1 41
0 2 21 36
1 1 26
1 0
0 0
1 0
0 0
0 2 17 35
1 0
1 2 15 40
0 1 25
1 1 1
1 2 8 30
1 3 2 29 38
1 1 31
1 1 39
0 1 46
0 1 47
0 1 48
1 1 49
0 1 50
0 1 51
1 1 52
1 1 53
0 1 54
0 1 55
1 0
1 2 0 45
