52 29
156116 1 30
604043 1 45
914678 1 29
896449 0
2678 1 40
595251 1 32
206186 2 34 11
507745 1 12
107114 3 15 38 37
396689 2 4 21
419649 0
565053 1 26
928362 1 18
799249 1 20
927305 0
608047 0
488282 1 27
482234 1 8
314334 0
339804 0
232704 2 0 7
982346 0
299709 3 46 44 10
885603 0
656435 0
740574 2 39 28
535419 1 17
973074 1 35
97730 2 2 47
308891 0
36388 1 33
770199 0
912934 0
467418 2 5 16
666648 2 48 25
431964 0
62669 0
872835 0
939710 2 49 24
169784 4 51 3 22 19
785876 0
359359 1 13
251189 0
230590 1 36
674960 2 9 42
694846 0
838637 0
163243 2 43 1
177080 0
152972 1 50
503047 2 14 41
409784 2 23 31
111965 1 6
783000 2 20 15
396943 0
834493 2 28 8
74657 1 5
904241 2 23 21
849424 0
766453 1 27
624031 1 7
266912 0
686967 0
723815 1 10
725918 1 3
378348 0
188755 3 26 12 25
479542 0
815891 0
448644 0
10437 0
419215 3 13 0 9
361352 2 17 24
422408 0
102407 1 16
80263 1 19
903949 1 22
91705 1 1
570542 2 18 11
219575 1 4
19792 1 2
