58 53
7 2 1 4
12 2 2 3
14 1 5
5 0
14 1 7
15 1 6
8 0
14 1 8
9 0
12 1 10
16 1 11
2 1 12
7 1 13
16 1 14
11 1 15
2 1 16
9 1 17
15 1 18
6 1 19
8 1 20
5 1 21
2 1 22
8 1 23
5 1 24
14 1 25
10 1 26
0 1 27
7 1 28
0 1 29
9 1 30
6 1 31
7 1 32
4 1 33
3 1 34
3 1 35
9 1 36
9 1 37
11 1 38
6 1 39
9 1 40
6 1 41
14 1 42
11 1 43
5 1 44
13 1 45
14 1 46
7 1 47
6 1 48
12 1 49
14 1 50
5 1 51
1 1 52
7 1 53
13 1 54
14 1 55
4 1 56
6 0
14 2 0 9
8 2 13 32
14 0
16 2 4 15
10 2 10 33
0 1 29
7 0
5 1 5
3 1 17
9 0
14 0
6 0
0 2 9 31
12 1 11
12 2 8 16
5 2 1 3
14 3 19 25 27
6 2 7 21
8 1 30
14 1 24
4 2 14 20
8 1 23
1 0
11 0
6 0
2 0
16 2 12 26
8 1 6
8 0
1 1 22
14 1 18
11 1 2
9 1 28
11 0
11 0
11 1 35
3 1 36
9 1 37
16 1 38
14 1 39
1 1 40
13 1 41
12 1 42
9 1 43
16 1 44
7 1 45
5 1 46
4 1 47
13 1 48
13 1 49
1 1 50
9 1 51
12 0
11 2 0 34
