51 51
9 0
10 3 11 48 9
5 1 10
6 0
10 0
3 2 46 28
11 1 16
0 0
1 1 1
2 3 12 27 45
7 0
3 0
4 0
7 1 17
11 1 21
7 0
10 0
11 1 15
8 0
5 0
0 1 34
7 1 33
6 1 39
10 1 41
2 2 26 25
9 1 23
5 0
1 1 49
2 3 47 4 14
8 2 7 42
4 1 8
3 3 13 30 0
4 0
11 1 32
8 1 3
11 3 31 20 36
9 1 22
10 0
5 2 2 44
4 2 40 43
4 1 37
6 0
6 1 6
1 2 5 24
4 1 19
3 1 50
2 0
0 0
2 0
1 0
11 3 18 38 29
0 0
7 0
0 0
5 0
1 0
11 3 33 44 18
8 1 43
4 1 39
4 0
9 1 14
9 0
11 1 20
6 1 30
10 0
10 1 16
3 0
6 0
7 1 24
8 2 2 36
4 1 48
7 1 41
3 1 5
9 1 12
2 2 3 9
11 1 1
4 1 34
2 0
5 1 32
2 0
4 0
4 2 25 45
11 3 50 49 22
7 0
8 0
10 0
3 2 28 47
6 1 40
10 3 15 26 42
1 1 4
1 1 37
11 1 13
11 1 8
2 3 29 38 21
6 0
5 2 27 19
1 2 35 23
10 0
2 3 0 46 11
5 0
0 1 6
3 3 17 7 10
3 1 22
2 2 9 3
1 1 45
10 3 7 44 11
7 0
4 1 18
2 2 4 13
10 1 47
1 0
10 0
8 1 28
1 1 5
1 4 29 42 48 39
9 0
0 1 46
0 0
9 1 8
11 0
3 4 34 17 16 15
11 1 32
10 1 33
7 2 2 27
6 1 26
3 2 43 25
1 0
11 0
6 4 19 41 31 37
2 2 49 35
10 0
5 1 50
11 2 38 40
1 0
0 0
7 0
9 1 21
5 1 12
8 1 23
3 0
9 1 6
4 0
5 1 14
2 1 30
7 0
0 0
3 0
4 1 0
11 2 20 10
5 0
1 0
11 1 24
11 1 36
1 0
11 2 29 44
3 0
11 1 43
10 0
1 0
4 1 7
3 1 9
8 1 26
6 1 42
3 4 24 28 22 21
5 0
1 0
4 1 10
11 1 12
2 2 14 45
2 2 35 39
3 0
11 1 49
10 1 11
5 1 18
0 0
9 1 5
3 2 34 36
9 1 41
7 0
10 0
10 1 47
11 0
9 1 16
1 0
1 4 20 25 30 33
2 1 1
4 0
0 0
7 0
11 0
2 2 4 40
0 1 48
9 0
10 3 19 17 50
7 2 46 15
6 4 3 32 0 2
0 0
5 1 38
5 1 31
1 1 6
7 0
11 2 27 8
8 1 23
1 1 13
