60 60
0 4 33 17 35 59
0 0
1 2 8 37
1 1 14
0 0
1 0
1 2 0 38
1 0
1 0
0 1 3
0 1 22
1 1 29
1 0
1 0
0 1 57
0 1 11
1 3 46 1 39
1 3 20 27 32
1 0
0 0
0 0
0 0
0 1 13
0 4 2 9 30 25
0 2 50 54
1 0
1 1 31
0 1 21
1 1 52
0 1 45
1 0
1 1 4
1 1 36
1 0
0 2 23 42
1 2 34 56
0 0
1 0
0 1 51
1 0
1 0
1 1 43
0 0
1 2 7 10
0 1 18
0 3 12 16 28
1 0
1 1 24
1 3 47 26 53
0 0
1 1 49
0 1 40
0 1 55
0 1 5
0 2 58 41
0 0
1 0
0 2 19 44
1 1 6
0 1 15
0 0
1 3 57 38 50
1 1 49
0 2 27 11
0 0
0 0
1 1 2
0 1 59
1 3 6 42 12
0 0
0 2 35 53
0 0
1 1 48
0 3 7 17 32
0 1 47
0 3 41 46 10
1 0
0 1 52
1 3 56 43 36
1 0
1 0
1 1 1
0 0
0 2 8 45
1 1 5
0 0
0 2 9 34
0 2 33 22
0 2 24 3
1 2 55 14
1 0
1 0
1 2 54 25
0 2 51 30
1 0
1 0
1 0
0 0
0 2 28 18
0 1 23
0 1 37
0 0
1 0
1 2 29 40
0 1 15
1 0
0 1 16
0 1 44
1 2 19 13
1 2 0 20
1 2 31 39
0 0
0 0
0 1 26
0 0
0 0
0 0
0 0
0 1 4
0 1 58
