59 59
0 2 14 21
1 0
0 0
1 1 37
1 0
1 4 20 23 24 57
0 1 54
1 0
1 0
0 1 39
1 1 13
0 3 6 25 45
0 1 19
0 0
0 0
1 0
1 0
0 0
1 2 12 32
1 2 4 48
1 1 55
1 1 31
0 1 56
1 0
1 4 9 16 40 52
1 0
1 0
1 1 28
1 1 7
1 1 50
0 0
1 1 58
1 2 27 34
0 3 1 10 17
0 1 2
0 1 51
0 1 43
0 2 47 49
1 0
1 2 29 44
0 2 26 30
0 2 15 46
1 0
0 1 8
1 1 36
0 2 41 53
1 1 35
0 2 22 33
0 0
1 1 11
0 1 3
1 0
0 0
0 1 18
0 2 38 42
1 0
1 0
0 0
0 1 5
1 2 3 11
1 0
0 0
1 0
0 0
0 0
1 0
0 4 9 14 35 55
1 0
1 1 53
0 2 32 54
0 3 19 40 47
1 0
0 2 18 52
1 2 4 45
0 2 29 43
0 3 5 6 27
1 0
1 0
0 1 22
0 0
1 2 30 41
0 0
1 0
0 0
0 0
1 1 44
0 1 39
1 0
0 1 26
1 1 33
1 2 1 48
0 0
1 0
0 2 37 57
0 1 12
1 1 21
1 3 15 42 58
0 1 23
0 0
0 1 49
1 0
1 0
0 0
1 2 17 24
0 2 13 34
0 0
1 3 2 7 56
1 1 46
1 0
1 0
0 3 8 10 16
0 1 51
1 3 28 36 38
1 0
0 0
1 1 20
1 1 50
1 2 25 31
