64 10
01000111000111001101111011010001100110101010100000 0
10011101111111101100010010100100011100111000000101 1
00001010010100001100011101011001110001111100110010 1
10000000011010011010101000011110101111011110010101 0
01011001010100010110000011010000100110010110011001 1
11101010010000101010010010011100001010010100101110 1
11100100111001010000001001000010110101011100100110 1
11010101111011101011000011110010010011010110110000 1
10111010101111010000100111001101000100000011101001 1
11010111111001011101001101010011011111110001000101 1
10100000001110111101100100010001000000101001000011 1
00001011110011010001110010001011110110111110010000 0
00000111100001010110111000001111100001110101111010 1
00011100011111001011101010100010100110110010010110 0
11000000111100001111100010001100111100001110011110 1
01111010000111101101001101110101010000010110001001 0
00010000011010000001000110001101100001000011011001 1
10010000000011000100000100111111000001101111100100 1
00000111011001011100100111110100011001011111000011 1
11111110100110011110000010101001001110011010101110 0
10010001100110000010101000100011001110000101100001 0
00011000111111101110111011111110011100001110111000 0
01000111101101101111010111011010000111010001100111 0
01001000101101111110000110111111110010010101111000 1
01111010000111111100011011001110001110011010110101 1
10000101110101101011000010111111110010100000111000 0
00100010001101000101001011000000011100101111001000 0
01000100000101101101100101100001110110110001101110 0
00010111111011010100100010001111010010001011111001 1
00100100001110101001100000110000011000010000111010 0
00101100001111110011101101011001111010100010101100 1
01100101110111111011001001010001010010000001000011 0
11001010000100111000101001010101100110111011101101 0
11110000100000101001011111100010111010110111101100 0
01001100000100100101001111111010000110111010110000 1
11010010001000001011011011111011100011110100101010 0
11011111001011000001101100010100100101001001011010 0
01111100100011110101001110011001111111100111101011 1
11010011011001101000110010000000001011010111110001 1
11010111101001000110100001100011100100010001011000 1
10110110110100011010001011101010010101100000001001 0
10000100010000111001000011011001110000010001110110 0
00110001000011011101000011000001000101001110100010 0
01110111101110101000110101110011010101011011010000 0
10011001100111000010010111111100101101000111001011 1
11101010001111110001001001000111111011000011000111 0
00000111111110010001010110011110100010000101001100 0
00110000001111011100001001010101011001001001100111 0
01010011000001011000000010000000000000110000101100 0
11101010111101110011110001010100010000111010010011 0
01101100111111001000001011110010001011001111101010 1
10110101000110101111111100001101100111110111011101 0
10010010011101101110110011001100111101110100101001 0
11100010101111100100000111011001111010001000111101 0
01000001111111101110010011011101010110010101100010 1
01100100011111011011101000011110111111010101111011 0
10101111101010000110100001111111000100010000110100 1
01101101100011100001011111000101111110010101100110 1
10111000101101100101001100100001100010101100010010 0
00011111100011000011010010011101011101101101111111 0
11010100100000110001001110000001001000100001110101 1
10111100100001001101110101111111000111010100000011 0
01001110000111000011010001111001110001100000100010 0
11000011110110111110101000011011001001001001111000 1
