30 1
00010100010110100111 1
01101110001100011101 0
00111011011100110100 1
11001111001001000100 1
01010110111011111111 1
11000000101001001100 1
11101010111101101111 1
10010000000100111111 0
01011110010011001001 1
01100001010111000011 0
11010010100101000101 0
11000000010110101010 1
11001100011101000011 1
01100001111010101101 1
01111110001101101001 0
10010100101001100001 1
10011001011001101100 0
00011110000100100001 0
01101010000101001011 0
01110111100011000101 0
11000001001100011001 1
00110001110100111000 0
10110000011001001001 0
10101011100001000110 0
00100110110101100011 0
01001011100011000100 1
11110011011101000100 0
10011110100010000011 0
10100100001011010111 1
10010011011010000101 1
