31 1
011010011010100010111 1
111001100111001101010 0
110111011111001111001 0
111100011101100100101 1
011101111000001000111 1
011111100111110001111 1
001100001110001000010 0
111110010010010010001 0
110110100111111100110 1
111101000111001001101 1
011101000010111001101 1
000000011000111111000 0
110000110100111010111 1
011110011100101001011 0
111000100000111000111 1
010100000001101011100 1
111010110011001010100 1
001001011010010001101 1
111101110000001111010 0
100000001110100010100 1
100101111101110010101 1
000110100101011000101 1
100010011011000010110 1
000001000000100111000 0
001010110100000111111 1
011000110011101010000 0
001100010001000100101 1
110111000101001111011 0
001111100100101000011 0
101111001101110111101 1
110110101000010110111 1
