15 10
10001100100111000111111000110001010011001101100 0
00100110110110011111100100000000000111111111011 0
11000111010010101110100100011000111110111101011 0
01011111100110100111001100011011101100101111111 1
10110100110110110100111100110010000111110000101 1
01111000111100010010000110000010010110010001000 1
10011111001000011100101011000101101110001010000 1
01011101000101101010010111011100001001101010110 1
10100111000001100110100001011110110000010100010 1
11101000110010010000001000111110110001011100110 1
11000111000110111001100010101001010000110001011 1
10111000100000011001001111011001100100101101010 0
01110100000101010011101111100010000001011011010 1
00001001111010100000010101001100010010110010110 0
11001000001110011101010011110000110111101010110 1
