27 2
0011101000111010 0
1111000101100010 1
0011100000100100 0
0000011001100011 0
0110000101111010 0
0100001100001100 0
0101100001110111 0
0011111101011010 1
0110010010111100 1
1000010010011000 0
0010001101100000 1
1110110001000010 1
1011000110101000 0
1100111111010111 0
0000110101110111 0
1000010111000011 1
1010111011110110 0
0100111000011000 0
0010010100111011 1
0001111000010001 0
1101001011101101 1
1000001111000001 0
0010101011110111 1
0001110001100100 0
1110000000110000 0
1100010101110010 0
1100010010111000 0
