28 2
00011001101111001 1
10111110011010010 1
11110100011100000 1
00100000010011000 1
01011010011011101 1
10111101000001110 0
00111111011110001 1
11101100011011101 0
10001010010000011 0
10100010000111011 1
10010001101101001 1
01100110100010100 1
01110000001110010 0
11000110110111001 0
01101011010000100 0
10011000011001011 1
10100111001100111 1
00100100001010100 1
01100000111100010 0
11010001100000100 0
10000011000000100 0
10010110001000111 1
01101101000100111 1
01110100100110110 1
10100010001110110 0
10010101111111101 0
11011011110100000 0
01001001111011001 1
