29 3
001000101011101001 1
101100000111011110 1
010100010100111001 0
111101110000101111 1
001001111000011010 0
101010100100101111 1
101010010011011111 0
110000101111101000 1
110101000000001011 0
101101011100010010 1
100011011000011001 0
101001101100101010 1
110000101001010100 1
111011110011111101 0
111101101111011110 1
111101011111111001 1
010110011111000101 1
111010101100101111 0
000100000101010111 0
111100101111011111 1
100010111000100101 1
001111001010010000 0
011000101110000000 1
110010100000010100 0
010010000000111101 1
010011010011001100 0
110111000001010010 1
110001110000110011 0
100111000101101000 1
