63 9
00011001110010001100001000110110101100100001111000 0
11101111010000010110110010110011100101111011000110 0
11001111110010110111101010100010010011111011000001 1
11010111000100110010100111000100001101101111000111 0
01000001100101100110011110001101000111101110010110 0
01100101100101111100100101010011111001111100101011 1
11110001111000011010010111100110011110001010111001 1
00000101111110001010000001100010101110111011000001 1
01111010111100111110011000010001011100001110111001 0
11101010110100110000001101111111100011001110010110 0
11011100100011100001111110011100101011110011110000 1
11110111000001100100000000000010001000111000010111 1
10111011001101000110000001010001001101110111111111 0
01110000110011001000101110110001110101000101010110 1
01101000110001111000000100000011011110111110111101 0
10011001111101010001011000101101001011010101111011 1
00110110010000010010110010100101110011011011000101 0
00110110101011110110100001101101100010010010011001 1
01010001111111111101010110110111110010101100000111 1
10010011101011011111010100111110011001011100001001 1
11110010010100111101101100000101110100001101011100 0
11001000101110100001011011000000000111001001100000 0
11001100100010010001101100000010111111110011000101 1
00000100110111101000100111101110000011010000011001 0
01111010010010100010101001010010000110101011001101 0
10101001000110000110010101100000111001000010101000 0
00011101111011101100010000010000100110011011111110 1
01101110111100000011111101101001010011001000100110 0
00100001010110111011110111000101000110000111001110 1
10010100110010111010010010001010111110000011100110 0
11111010110011011111000111011110110100011001001011 0
01101000011001010010011100101111100011010001000100 1
01110000010011010001110100111011011010101101010110 1
01011111001000111010011100010101000011110100110010 0
10111010101110010111100100010011110100101100100010 0
11000101010011101010001011001000101010100001001101 1
00100010001110000110011001001011011110001110011111 0
00010101111110000010000010011001000111011010111110 1
00101100001000111100101001110101011110011101001011 0
10100010101001001100000110100001100010001011011000 1
00001111010111010111001110011011110111001010011000 0
10110100011111110011000000100010101111001010100111 1
11010011100000000000000000101000001011001000001110 0
11001001101110111001000111000100110111001001010101 1
11110000110011110110001001101110111100011010010001 1
10000000010001001001111100100110001000110010110001 0
01101100010010011011111101000010010000101111010010 0
11100111010000101110000011101100001111001001101110 1
10101100110001000011010100101111001110110000101101 0
11011010001010011001001000100110111001110010000000 1
11011100100110000101000101101011111001100011001110 0
01011111010111100010010000001010010011010011110011 0
00110011010000101101101101001100111011100000001101 1
11000010111011111101001110000011111001010000001111 1
10101101110000100101100100100111111100110101111011 1
01001111110110010001001010011111110010001011100100 0
11101011001100101011100000001110001010101011100111 0
00011010111100110110001100000101000111101111110010 0
01111000110100001001110100011000000000011010100100 1
01010101000100100011110111111100000110000011111110 0
11100111111110011001111000010100000110001001011111 0
10011101111111101100000111000100011001111110011101 1
11000010100100100100111000110010110110110011001111 0
