30 3
0011001011001000001 1
0001011111101110100 0
0011010100111001010 0
1000110100111111001 1
0001010100010111110 0
0110110001111111011 1
1110000010101111000 1
0011011001111010111 0
1111100100100001111 1
1110101011101110010 0
1001110111100111001 0
0100101100111101011 0
0001111001010001101 1
1110011100010100011 0
1110100010011001111 0
0011110101101011000 1
0000111110100101100 1
1010011111011010111 0
1110000010010011100 0
1101111100101010010 0
1111110001110111010 0
1001001000111101001 0
0100111100000111101 0
1001100011111000110 1
0101000000011101101 0
1001001011110111000 0
1000000011111000000 1
0010110111101001000 0
1011111111000011011 0
1000001100001011010 1
