31 4
01101000010110111110 0
10100011000001111100 1
11011000101010111011 0
00010111110001111000 1
01000101111011110010 0
00001010001101001001 1
11011101000000101011 0
10110100101100010110 0
11100011101010000010 0
11111001100110010110 1
00101110000100110110 0
11111010101000110010 0
10010111101111010101 1
11000110011110101001 1
01001001001000000000 0
00010100101001100001 0
11110010000010010100 1
11101001101000010011 1
00101001101110111110 0
00110101111001011000 0
10110100011110000100 1
11110001110010111100 0
01100000101000000001 1
01111010010100100110 1
00111101001011011100 0
10101010000110000000 0
11110100101010101000 0
11101011100000100011 0
00001100010110010011 1
00000010010100110001 0
01000110110111011100 1
