32 4
100110111110000100001 1
110110101100010111001 1
010010000011000101111 0
011000101110101110111 1
101011111011000011100 1
010010011101111101011 1
011010111101000011000 0
101110001100000111111 1
000101100101111101000 1
111101111101010101001 1
111000010101000101010 1
001001101101110111000 0
110111111101101100110 0
001011010010111011101 1
101011111111101101001 1
000101100010000001101 1
101011000110111001101 0
010011001101100101100 0
011001010011001111000 1
000111011001001101101 1
110011010000110111001 0
000010010110011101011 0
000111000000100100001 1
011110011101011001010 0
001010101000001010100 0
110110011111001010101 0
111110111010101110100 1
101110101000010011001 0
011011101100011100111 1
111000101110110000001 0
110111100110000011110 0
000011111111100100010 0
