33 5
1010010100001001101100000000000011101 1
1111101010111000001100010010111001000 1
1000111000110000001111001111100100101 1
1110010111011101110010010110100010001 0
1101100001000110011010110011110011101 0
1101001000011111000101010011001011100 1
0010110001100011011101100001100011110 1
1101011100110101001001011010100101010 0
1010010110001110101000001100101101100 1
0000000010000000011001001100110100011 0
0100101011101101100010011010001010111 0
0100001110111010001010000110101010001 1
0101000001100101001101011111011000011 0
1010111000001000110010001101100100101 0
0101100011010000101011000001110000101 1
0010000110010110011000011110001100111 1
1100000010001110101101100111000001001 1
1010100010001100111100011011110100110 1
1100001011001111101100101001010011001 1
1011000000111111001100101110100110010 1
0110100011011001101101100010011110000 1
0000101011011100001101001111000011111 1
1100100100010101100100110101111010111 1
1000010100101011100100000100111001101 1
0010101111000010001001101001101110001 1
0010110101000010011001010101000011001 0
0110000100110101111110101010000110100 0
1100000000001110111110010111011100111 1
0100000000100111110001001010001000100 1
1000010000110001001101110011101110111 1
0101101111001100011110110000000111111 0
0000001110001011111010101110000111111 1
1111111110101100001101111001010000001 0
