34 5
01101011101101001111101000101111110010 0
01001110101110111111110110001001000111 1
11010101111111000001001011111110011110 1
10011100100000011010001110110011011001 0
10011001010100000101110011101010110000 0
00000101110011110000000101110100000111 0
01011110011111101000100101010001110011 0
10101100110101011101011101010101100110 1
11101001111111100101000110000101100000 0
00010101010001011001001100000101100111 0
00010110101110101110001011101110101101 0
01110100111100100110111111111101101110 1
11110010001000101101111010010110110111 0
10000110010001100010110001001111100011 0
11110011010000111011000110000000011011 1
10100100010101000011001001001011101001 0
11011001110011000100110011100011100001 1
00100111110101110010010001010111111001 0
00110011110011000010100110010011100111 0
10111111110100101010101110011110000111 0
10101100001111100000000110000100010101 1
00001100101010111100101100010101101101 1
00010010011011010111010100001001101011 0
01101010000000010010111110000101011000 1
00101111000011110011100101011000111011 0
11001111000011101101000110001101101110 1
00100011110101110101111000111110100010 0
11101001000000110101010000100111000010 0
11111110000000011010110011111001010110 1
00101101000111110010000100100010010111 1
11011111101000111100001011101011011011 0
10110111011111101000001011011100010011 0
00011011100010001010111100100101111110 0
01001011010011011011100100111100011111 1
