35 6
110110111011000100011101100101011001100 1
100110101101101010000011000100001010101 1
100010101110010110011111110010101101101 1
100000000111000110011100001100010111100 1
011101110000011001011001101111111011011 0
111110000110111011101110001101010100011 0
110000101000111001010101010000001001000 0
001001011001011001111110010000011110011 0
001101011100111101000011000010000111100 0
100000000101110011111101011110000000100 1
101100101001111101001001110001101011010 0
000010011101100101100011011001011110010 1
110000011011101100111000111011000011100 0
011011100111110111111110111010111110111 0
101101100101110100110110100011010110010 1
000000111011010010010001010011100010000 0
001111110000000111001010001110010101111 1
110001010000000110000001101101011001011 0
010000111100111111101111000001001011101 1
101100011000001001011001111001010110000 1
011011100010010001110111111111110100010 0
000011010000011001100000110110001000111 0
100000100111100011111010110000000001001 1
101110100101100101000011100010010000101 1
111010000101010111100011110010100100110 1
111011101001000010011111000011100110000 1
011101001111010001100001111100001101100 1
011001111000110110000111100101101111101 0
000001111100011110000101010000111111100 0
001001000000111011000011111100110100001 1
011101011011000101010010100101011011100 0
000100011000111100101100011000110110000 0
101001011011110010000011010100011100001 1
011010100100111101011111111110011011101 0
101110110010001111100110000011101001100 1
