36 6
1111001001111001010011110000011101001010 0
1011100111010001011001010011111011101001 0
1110101010100110011101101011111110100100 0
0010101101000010001010111111100101010111 1
0101111011010001111001001010001101000001 1
1110011110010011110101110111001000001101 0
0000100110100011100011010011011001111001 0
1111011111011001101110000011001101100000 1
0011111010011011011010001010110001011100 1
0000011101100010100110100111010110100111 0
1101010111000010100000101101011101110101 1
0100111101100011111010100010010111110001 0
0100011011000100010111010001100101000000 0
1001011110001111100001000011011011101010 0
1000101111010001110011001110000111010101 1
1000111111101010101011000101000011010010 1
0001000001100001110011010111101010110101 0
0011001011011101000000010011100001111000 1
0001001000110011001111001000001111110001 1
0101000011001000001110000011010111011111 0
1010000110001111101101111111010110011101 0
1110010110111011001010000100011001110001 1
0010101111011100010101110100100111100000 1
1111001111010001101011111001101111001011 1
1000011100000011011001001101100100100000 1
1100101001001110001001110011101010001011 1
0101000100100111110100100010101100100000 0
0010111110000001011011111100111110010001 1
0101100000000000010101100000110000101001 0
1111011110110100101010001000110001111110 0
0000100111010111111001011011001000001110 0
1101010101011101110010000100011101010101 0
1100001001000100000001010101010100101110 1
1101000110000011110101001011001101110100 0
0101110001010000101101111110100110100111 0
0100011010000111101000011101111000111010 1
