21 8
111000111010011111100 0
100111111110001110001 0
001000101001011011100 0
011000100111000100000 0
010011111001101001011 0
011001110000001001100 0
011011000110111111111 0
000100100110010010111 0
111001101101100100010 0
000001111110001000110 0
111111011111100110000 0
110111100100111000010 0
010001111100010110011 0
000011011110100111110 0
010011110000101010100 0
000011001000111001101 0
110101000000111110001 0
110100011010001111101 0
010100000110000111011 0
111011111011111100110 0
001010010100111000010 0
