1
10 0 0 1 0 0 0 0 0 0 0
2
0 0 0 0 0 2 0 0 0 0 0
500 0 0 0 0 0 1 0 0 0 0
1
100 4 0 2 3 0 1 0 0 0 0
2
55 0 0 3 1 0 0 0 0 0 0
55 0 1 5 0 0 0 0 0 0 0
1
32 5 3 5 2 3 2 1 9 3 4
1
20000 10000 0 0 0 0 0 0 0 0 1
2
11000 0 0 0 0 0 0 0 3 1 0
11001 1 0 0 0 0 0 1 5 0 0
2
30 0 1 0 1 0 0 0 0 0 0
10 0 0 1 0 0 0 0 0 0 0
2
10 0 0 1 0 0 0 0 0 0 0
30 0 1 0 1 0 0 0 0 0 0
2
0 0 1 0 0 0 0 0 0 0 0
0 0 0 3 1 0 0 0 0 0 0
2
0 0 0 3 1 0 0 0 0 0 0
0 0 1 0 0 0 0 0 0 0 0
2
10000 0 0 3 0 0 0 0 0 0 1
10000 0 0 1 1 0 0 0 0 0 1
2
10000 0 0 1 1 0 0 0 0 0 1
10000 0 0 3 0 0 0 0 0 0 1
2
10000 0 0 4 0 0 0 0 0 0 1
10000 0 0 1 1 0 0 0 0 0 1
2
10000 0 0 1 1 0 0 0 0 0 1
10000 0 0 4 0 0 0 0 0 0 1
0
