1000 10000
237 826
69 426
272 976
299 640
8 932
818 953
285 963
600 653
491 518
183 703
653 979
672 893
375 682
315 378
35 224
480 698
155 568
257 997
648 698
393 672
79 105
104 846
702 809
159 201
25 557
644 712
15 573
284 322
275 928
48 804
75 101
32 708
111 299
88 905
195 751
40 798
104 215
187 440
800 892
677 933
386 846
791 969
5 137
163 474
344 469
468 707
694 811
594 776
345 676
868 927
191 593
341 523
332 456
85 722
143 681
497 780
93 357
139 387
56 64
428 679
55 869
33 976
144 226
449 740
266 375
674 753
100 681
656 780
596 628
362 818
153 971
440 886
256 660
231 534
590 947
14 138
275 489
171 219
393 688
189 819
666 878
464 883
253 792
751 783
113 333
50 75
200 798
550 860
223 274
635 643
263 335
90 505
1 746
341 700
318 824
79 239
442 749
86 613
2 872
44 782
503 959
760 947
87 953
227 641
10 236
571 981
41 649
50 898
6 464
30 338
536 699
541 764
288 941
408 906
59 692
58 606
673 795
184 497
360 670
197 530
467 939
879 883
168 225
566 843
852 875
711 761
14 224
276 563
204 290
716 996
152 194
542 552
421 422
189 297
89 847
225 476
56 350
18 754
165 306
23 843
614 875
51 84
487 724
155 322
399 608
40 57
578 941
112 733
222 938
24 228
259 656
236 954
268 594
44 88
40 837
274 616
198 726
247 584
417 989
44 423
22 960
611 755
72 246
603 732
445 730
388 405
132 176
642 645
276 303
257 823
268 483
152 593
661 721
844 875
121 136
853 887
372 443
210 888
333 641
693 974
92 742
706 908
80 568
79 688
735 813
554 987
595 826
128 249
127 272
44 603
150 240
165 753
102 988
218 347
201 710
67 567
96 172
950 956
320 333
338 757
159 790
373 754
157 244
188 237
824 880
444 704
96 521
349 958
611 971
166 555
166 571
321 396
199 597
705 841
99 129
20 401
365 782
331 807
191 204
234 977
226 983
107 337
104 834
68 837
385 866
472 739
478 769
503 581
231 696
399 703
22 444
259 327
167 531
147 418
139 155
859 888
191 824
115 332
20 519
103 291
385 860
643 724
555 871
85 504
416 940
285 541
795 853
395 722
660 684
279 801
490 682
807 924
583 828
864 888
208 587
395 749
904 995
37 170
103 343
279 495
350 614
9 650
526 717
604 623
183 829
123 924
19 278
273 276
883 991
66 579
510 757
40 175
152 584
182 256
285 379
244 626
13 809
417 812
334 573
185 634
105 716
629 886
342 779
26 251
280 786
237 860
29 678
61 290
102 365
588 866
735 894
795 998
21 166
120 734
576 905
70 412
114 960
444 779
106 179
248 424
119 720
42 727
368 682
432 554
20 970
339 998
124 950
571 579
153 350
581 953
456 542
702 791
274 988
11 587
1 615
317 870
309 923
63 945
143 278
395 844
489 900
176 679
94 825
265 967
513 890
239 724
259 417
853 963
332 734
96 655
205 923
36 921
557 913
30 817
471 661
384 536
442 497
495 971
36 238
295 724
817 890
644 875
940 979
375 729
525 826
100 381
54 971
288 516
384 582
302 707
728 954
671 853
439 659
349 964
76 359
323 857
186 236
387 880
531 792
43 652
319 854
550 727
73 623
399 843
114 209
390 515
196 563
380 855
116 401
447 781
340 546
98 970
148 596
243 716
19 649
17 599
852 920
575 740
67 653
609 858
478 851
101 530
61 176
306 615
293 736
156 574
329 970
104 623
417 636
502 537
947 973
663 919
644 934
120 337
166 694
597 770
347 613
485 487
419 759
165 977
747 911
496 529
587 944
192 695
930 990
223 410
52 185
173 822
213 995
362 892
468 604
663 852
61 318
631 768
269 563
247 896
662 952
145 863
766 865
243 720
146 957
7 553
337 624
359 584
480 985
286 657
143 351
389 783
164 773
425 649
117 518
137 721
415 881
439 821
241 590
282 782
690 857
482 837
190 434
214 991
478 864
566 884
57 397
507 780
70 103
157 685
234 978
266 640
2 287
366 683
68 486
104 874
636 746
310 794
68 876
612 630
117 901
25 362
108 358
36 462
815 998
322 916
6 369
93 504
661 704
575 758
487 920
573 616
92 838
185 608
260 566
552 657
328 531
65 989
475 759
335 791
76 695
552 934
316 808
366 560
37 447
368 388
418 770
229 633
99 599
122 829
24 340
445 501
104 316
625 816
119 529
296 887
460 687
663 831
296 350
718 857
182 614
704 946
170 710
82 771
544 836
835 998
181 656
454 522
69 372
328 892
280 505
25 343
282 949
24 835
405 910
418 497
83 552
198 833
158 496
51 653
248 611
478 900
735 982
238 278
357 497
119 637
232 680
431 637
569 929
338 355
257 749
11 514
124 486
190 680
80 566
315 890
87 128
118 538
144 324
45 728
502 598
528 950
44 312
194 418
95 392
644 886
606 985
346 829
370 407
485 588
25 571
297 378
674 987
554 945
609 811
515 990
20 967
4 123
199 794
481 943
118 264
53 709
512 593
682 803
633 983
358 641
206 951
236 477
119 599
638 639
81 569
709 829
298 547
776 909
445 983
191 781
447 453
643 871
765 902
652 886
43 853
66 501
105 520
958 996
333 745
307 900
240 883
566 989
1 785
241 924
860 937
722 762
366 706
340 758
377 710
227 382
532 541
147 741
354 622
65 149
259 860
712 983
176 312
22 398
257 352
80 694
56 868
182 189
143 480
22 993
313 546
303 854
636 654
420 836
135 746
559 944
36 871
342 995
262 825
404 784
234 569
251 648
145 175
249 986
278 683
341 609
244 923
181 650
618 762
170 987
229 465
253 762
21 174
334 576
34 912
141 961
184 359
122 997
296 889
366 500
282 902
878 901
21 859
567 899
290 571
32 230
551 905
467 665
204 220
516 868
74 705
643 947
297 395
359 840
1 402
280 957
34 42
170 392
5 554
509 576
191 750
618 812
35 864
635 791
28 694
917 996
225 764
542 726
83 718
506 584
98 451
711 804
144 967
653 897
683 763
172 726
14 499
29 677
35 403
242 409
160 747
166 678
289 374
328 613
449 658
314 620
303 582
356 694
200 247
67 113
53 425
359 945
48 109
51 273
478 703
114 640
490 991
10 695
62 519
667 934
157 377
397 661
603 754
468 912
74 857
131 946
429 844
324 564
330 816
265 442
93 826
386 481
217 417
536 679
360 846
703 723
2 695
481 497
135 469
402 828
307 791
509 542
281 858
101 322
490 943
638 826
368 764
113 196
523 723
356 923
818 871
362 423
86 809
494 902
307 643
689 827
459 712
221 883
238 836
363 505
682 708
454 532
692 896
251 631
370 621
142 728
348 881
435 681
555 646
660 743
520 817
358 701
97 324
81 677
134 240
315 854
3 466
596 743
401 998
395 400
675 957
597 678
151 352
268 767
42 429
119 547
130 853
500 858
91 287
752 812
365 908
415 554
155 717
309 423
701 923
303 625
756 914
445 676
39 496
290 726
616 857
137 984
108 822
415 940
707 828
203 346
359 731
822 947
78 882
181 213
349 984
235 672
315 445
617 690
61 379
261 847
261 397
144 700
16 823
509 512
697 947
116 343
55 480
418 545
311 966
366 878
175 608
199 850
837 909
524 900
49 475
355 696
699 968
271 325
137 429
80 935
716 924
258 469
176 330
809 825
264 295
223 663
116 303
139 219
227 432
96 652
616 662
19 247
546 780
61 766
288 857
146 539
322 328
502 970
225 864
196 353
823 903
194 419
43 830
188 335
115 602
599 644
156 227
299 571
701 952
185 485
822 982
249 817
1 982
164 341
70 486
575 591
301 586
478 927
109 857
202 722
516 810
262 301
843 860
270 392
341 507
242 710
138 819
7 872
29 111
459 862
25 342
101 528
433 906
216 713
81 622
734 894
343 735
469 575
633 660
38 91
374 927
377 806
79 125
694 841
869 939
356 745
483 689
848 920
182 382
542 999
111 170
97 288
305 450
136 580
130 265
705 741
201 391
658 903
537 797
303 828
188 673
224 494
107 698
117 987
339 897
389 893
510 573
238 402
554 772
584 708
182 258
549 929
186 299
259 714
648 675
699 751
407 955
322 406
602 686
142 702
598 615
240 643
157 519
642 875
89 856
9 164
131 910
111 662
185 747
415 577
379 956
121 845
141 419
407 971
215 619
208 671
561 979
84 677
18 801
227 609
155 802
13 437
304 701
258 311
290 783
892 988
311 410
309 529
110 782
717 884
877 962
39 754
716 737
457 564
592 865
167 931
28 862
295 605
21 302
33 760
390 848
596 990
366 653
119 794
142 840
365 652
213 676
237 617
540 832
533 923
90 631
224 271
723 742
404 581
547 626
303 754
413 526
209 536
369 586
69 657
703 941
253 682
162 595
108 912
290 617
577 969
261 672
321 584
117 469
884 975
458 466
265 395
247 633
790 892
206 238
587 912
71 803
102 248
40 364
365 568
213 639
46 412
123 475
89 804
61 287
110 250
264 865
3 588
231 721
458 950
689 896
229 912
260 602
193 752
35 943
369 558
444 750
486 561
510 903
238 477
181 850
151 865
600 928
621 905
292 939
133 489
127 541
316 935
231 750
397 693
63 749
104 914
22 81
269 587
550 709
125 184
41 61
245 796
229 825
390 436
174 810
314 394
561 608
13 100
177 618
310 536
118 314
276 639
46 891
546 568
20 185
565 739
554 665
65 272
106 714
634 908
681 980
220 522
3 748
100 597
112 938
272 683
56 490
2 9
339 904
181 558
99 411
370 648
467 756
155 338
416 717
471 942
192 713
628 857
302 964
172 493
296 390
424 427
88 966
522 865
819 937
628 708
632 987
201 252
223 924
284 502
134 349
4 859
615 927
166 219
828 923
143 222
313 514
57 599
125 915
107 706
96 300
235 963
508 655
9 290
523 684
249 931
45 504
367 638
5 582
667 912
94 339
171 657
330 453
429 749
24 755
122 625
354 918
14 291
267 695
232 704
352 459
634 694
342 857
220 420
407 837
412 478
252 474
299 480
83 973
291 620
174 555
359 970
149 532
568 756
375 649
468 962
577 973
275 292
621 865
298 956
251 651
5 825
393 837
638 990
147 186
322 718
21 518
41 353
377 730
201 408
722 821
587 946
273 934
270 657
766 887
139 885
266 873
167 430
744 992
164 306
39 448
34 399
128 916
639 821
331 891
74 130
169 733
97 589
61 687
555 565
551 577
875 937
204 515
167 910
531 685
480 612
117 463
181 469
278 991
349 384
886 996
15 824
114 557
66 953
464 867
639 910
99 430
542 627
271 326
102 742
320 517
400 564
129 733
67 871
128 293
446 662
464 672
284 646
132 475
592 754
532 766
499 803
745 913
459 873
361 550
2 158
13 936
612 636
108 664
14 214
434 466
412 754
584 634
43 540
108 547
365 807
244 936
470 688
126 382
376 851
408 581
214 760
292 798
317 472
363 568
203 937
337 955
87 89
238 309
165 425
87 860
816 871
66 629
275 304
609 650
537 929
494 854
238 683
366 622
373 750
489 664
277 707
480 889
255 839
310 424
188 244
266 536
792 977
844 905
854 864
636 641
359 991
735 953
92 233
247 307
177 293
77 360
152 603
39 52
98 467
211 365
408 869
281 448
349 637
96 339
589 826
53 63
345 521
343 558
31 166
195 695
249 495
130 840
54 81
41 566
431 490
105 950
312 665
550 872
242 347
182 852
81 116
116 402
305 386
256 808
385 851
13 273
65 472
238 889
142 353
18 234
333 847
71 272
147 930
272 492
578 943
179 836
637 640
485 927
557 629
539 903
203 626
70 146
226 912
70 401
147 748
758 791
486 562
92 707
175 631
399 425
641 768
445 588
668 889
226 688
443 959
683 805
444 605
388 956
648 870
131 617
393 685
556 653
144 777
366 603
17 65
88 771
67 502
310 620
123 504
518 813
347 729
359 482
107 550
85 438
543 791
169 730
101 378
540 588
76 803
282 306
86 423
463 852
220 784
113 625
132 632
27 123
134 501
413 917
343 759
387 402
442 494
429 617
428 790
436 958
306 386
691 885
153 228
831 991
639 768
13 664
237 695
444 611
388 801
84 886
140 381
578 792
428 930
697 804
462 641
89 189
134 681
451 592
62 615
294 910
389 765
219 931
291 491
443 466
707 835
396 567
359 378
152 526
20 303
856 910
809 820
299 942
411 982
300 985
190 875
646 818
74 239
55 696
679 977
288 481
324 855
279 421
59 201
386 928
109 130
176 349
327 653
136 796
340 918
32 753
443 456
85 715
69 566
43 219
263 314
413 462
486 791
190 568
414 877
339 730
338 866
201 453
386 641
328 858
74 854
530 687
262 961
644 949
276 288
38 612
618 645
752 904
276 421
6 895
126 589
68 849
376 626
561 654
330 997
284 741
798 813
480 957
151 615
577 835
298 928
120 951
465 649
108 621
10 980
243 841
433 673
486 536
473 634
28 430
463 663
194 465
472 728
736 756
4 941
404 612
697 740
356 513
385 834
156 744
135 260
614 832
100 624
803 933
156 520
105 712
42 315
31 456
111 165
655 962
404 462
504 844
117 584
657 917
115 241
250 909
3 832
79 236
94 427
764 831
643 915
222 699
282 358
226 884
572 661
552 769
694 847
218 992
254 650
442 546
11 674
46 880
384 821
241 889
586 742
455 833
678 901
355 930
280 977
274 383
61 888
369 421
939 977
148 693
102 663
540 730
887 957
90 876
861 958
905 971
34 812
483 603
86 706
388 899
389 541
638 922
135 425
539 902
369 611
266 894
476 775
167 869
448 745
952 989
512 536
309 461
37 216
105 759
836 910
663 664
429 835
216 937
448 604
220 907
486 941
692 729
671 971
327 491
571 901
564 967
37 933
634 877
268 567
249 969
308 507
157 621
772 822
670 785
730 864
101 293
390 749
757 807
141 265
206 622
134 476
442 653
43 805
563 922
493 577
55 378
63 500
840 857
64 380
453 716
216 330
68 401
197 990
280 939
83 117
426 542
739 984
821 864
371 766
852 913
684 936
664 818
754 985
124 706
542 980
822 871
698 758
398 872
205 622
108 592
366 499
257 570
452 665
323 716
570 906
351 763
545 792
192 830
542 736
279 330
197 532
485 623
330 726
607 796
709 796
122 890
1 435
42 641
631 651
71 509
175 517
137 842
9 250
45 358
73 234
541 617
352 796
233 948
77 190
173 987
280 573
234 612
24 102
516 984
423 476
635 790
189 612
168 329
272 341
70 588
404 732
305 976
267 787
627 743
323 877
731 790
751 940
193 386
118 226
234 694
234 600
132 238
473 533
138 354
854 958
168 342
590 676
13 462
402 504
256 562
209 941
72 81
74 951
551 726
701 982
629 681
480 660
142 762
240 457
540 935
685 771
108 261
428 956
185 739
544 808
614 745
288 312
144 268
200 852
736 959
161 761
270 399
354 706
459 745
477 974
245 399
583 752
408 923
430 934
183 315
342 886
745 763
496 728
50 289
220 933
297 976
484 548
773 948
240 782
380 751
258 774
137 751
627 798
389 793
566 701
852 903
704 852
533 942
382 495
51 614
908 989
339 800
59 108
194 675
706 939
516 720
499 897
289 488
25 864
546 846
114 230
194 747
226 322
53 101
232 378
245 563
428 615
185 924
275 395
17 185
32 699
96 661
705 975
719 855
400 678
183 940
104 927
369 620
668 934
300 823
723 931
158 714
72 464
826 861
268 804
539 956
391 881
644 976
354 859
599 629
263 269
448 773
105 848
689 830
307 994
33 623
99 331
84 565
594 913
311 752
494 599
83 131
630 818
155 280
196 314
546 827
261 714
319 902
939 984
212 627
85 335
214 491
23 525
669 951
470 806
468 650
744 892
1 510
204 421
47 458
358 916
5 332
421 901
505 841
251 688
137 810
413 507
39 878
279 526
441 511
387 964
554 860
380 843
48 310
407 410
165 229
378 749
215 458
743 760
249 939
20 502
106 840
73 549
472 711
211 290
73 353
382 826
316 538
276 603
435 953
154 891
323 626
607 837
11 307
486 807
442 604
199 739
325 512
916 925
402 453
357 451
63 321
569 870
321 957
198 496
797 848
725 830
324 879
200 474
855 877
496 501
475 598
441 811
232 882
101 177
419 761
225 879
337 958
100 634
151 571
231 338
599 645
173 221
44 566
926 964
185 394
645 944
40 981
210 999
159 329
44 285
804 900
558 748
654 761
642 770
324 707
354 739
519 972
399 902
354 455
260 594
86 624
118 610
409 416
281 962
63 793
323 750
77 82
180 839
559 632
518 958
586 650
732 810
221 656
31 671
728 900
413 602
512 650
811 951
164 446
622 853
99 206
33 249
12 458
69 467
373 880
76 539
603 951
115 768
99 983
106 603
320 761
509 999
179 986
75 651
129 559
277 434
549 557
601 812
112 631
360 476
202 220
565 644
49 344
301 463
327 644
428 693
639 733
463 695
548 580
596 745
125 435
546 903
240 481
711 895
16 259
243 345
774 933
422 900
590 752
248 281
738 862
19 410
105 787
28 447
662 993
382 635
424 486
292 579
57 741
255 441
53 497
470 675
68 231
123 587
427 760
65 136
441 767
889 917
599 618
124 534
58 476
61 790
645 969
56 792
214 957
366 834
13 228
211 340
37 546
160 652
399 493
21 475
584 644
302 814
294 818
199 395
868 873
113 516
854 881
189 748
326 539
510 818
591 613
715 821
21 107
189 568
279 337
276 540
590 683
60 847
93 437
906 950
651 789
136 685
134 388
662 722
412 677
421 548
98 389
5 511
767 925
90 272
288 412
48 202
541 609
662 758
633 978
14 693
340 640
623 965
103 308
194 930
344 898
817 892
410 915
798 800
426 793
39 90
77 598
744 831
298 551
282 296
749 936
273 819
296 605
72 706
218 809
157 618
291 616
305 508
554 584
761 812
284 558
97 151
599 662
58 196
43 507
238 756
333 931
152 499
282 648
208 715
582 601
124 522
55 806
580 661
715 819
930 991
128 753
299 302
148 214
194 247
28 592
463 506
443 609
334 372
466 514
7 241
24 853
316 418
111 950
187 449
536 775
113 698
336 506
214 536
267 805
358 618
759 854
717 775
445 493
373 896
421 730
251 409
78 220
126 594
74 582
488 841
179 272
285 811
472 949
307 644
118 553
473 909
273 996
78 157
427 574
461 576
130 604
775 984
180 638
88 889
304 678
99 241
443 685
124 195
208 292
376 767
283 345
367 509
72 448
771 792
126 381
461 936
223 978
267 561
326 675
662 898
261 300
656 717
701 998
64 646
304 844
230 726
792 807
405 955
536 945
158 369
204 702
485 939
461 760
248 592
783 812
310 907
503 602
17 809
741 971
545 643
758 866
54 652
642 784
569 855
720 735
288 575
137 703
277 602
673 966
131 323
749 790
149 231
134 375
872 905
361 538
142 214
401 971
667 728
273 868
641 701
200 737
64 933
548 588
473 737
173 325
161 855
408 548
444 726
197 664
434 563
349 833
591 917
272 752
164 552
401 561
88 993
124 480
240 802
332 477
630 923
296 727
617 946
177 980
16 379
477 958
55 887
714 957
120 504
83 317
303 741
11 284
314 977
625 698
392 406
169 893
46 685
298 330
65 750
131 513
72 479
150 538
327 429
211 450
675 694
221 286
121 328
365 367
479 834
521 627
127 627
18 267
478 780
51 861
494 690
336 766
173 648
542 728
400 872
660 976
436 665
688 853
60 621
16 40
261 912
597 725
1 82
121 934
588 743
18 648
13 753
72 335
212 863
175 842
342 663
543 725
28 832
927 957
341 842
449 784
225 361
335 936
722 927
2 137
312 523
295 570
585 760
104 517
17 854
162 789
424 742
107 309
144 235
173 931
234 849
640 780
60 893
62 554
362 641
25 462
657 689
826 846
404 990
142 850
66 390
22 259
815 833
356 770
286 786
102 858
454 742
395 565
437 927
475 683
119 263
589 653
139 985
689 750
231 841
102 856
244 517
59 349
316 714
92 540
332 714
7 391
375 651
84 299
728 866
162 729
751 960
749 981
119 998
841 863
442 786
559 584
685 724
441 475
652 932
24 331
510 583
587 960
27 738
445 963
328 783
349 643
681 922
588 877
59 904
447 747
500 894
471 890
41 666
138 439
614 651
941 964
206 488
817 913
95 195
67 875
279 784
51 778
106 253
37 116
27 958
170 651
101 693
715 893
212 438
483 870
153 564
165 911
461 554
214 239
245 922
397 679
490 803
91 865
92 874
305 376
294 900
106 582
103 234
324 750
941 981
61 330
32 241
287 568
440 471
567 843
145 505
15 77
80 245
252 862
527 573
244 883
505 784
345 736
118 502
235 897
288 604
197 830
191 760
699 712
335 592
76 409
181 499
119 339
128 245
430 803
330 793
213 545
706 950
531 948
238 691
52 293
229 392
153 632
564 893
43 62
332 957
27 719
216 669
6 824
628 715
637 793
452 633
344 681
590 779
34 510
504 731
214 247
57 795
573 799
67 117
569 912
359 559
194 259
621 960
171 879
73 747
54 954
851 874
616 953
402 786
433 694
392 805
664 755
179 841
744 945
369 849
577 697
494 922
236 811
339 432
302 849
132 950
199 262
240 977
21 543
34 233
489 674
379 964
83 160
537 787
361 717
189 976
499 649
419 931
191 903
620 845
702 724
325 659
63 569
565 625
485 683
587 956
610 722
471 568
968 991
125 860
162 720
41 581
486 601
5 47
731 778
395 494
172 228
236 839
22 193
104 206
184 750
755 765
40 741
235 572
553 716
525 783
121 377
489 939
213 443
26 826
275 388
10 776
294 584
898 978
286 540
281 946
273 596
165 797
251 522
265 505
490 594
81 777
41 237
61 717
768 840
602 928
600 986
194 204
37 998
483 485
790 872
209 521
76 997
5 738
442 738
768 995
269 654
318 989
526 740
363 691
19 366
415 637
197 794
297 858
106 627
382 733
63 733
119 210
368 556
660 899
359 453
232 761
584 930
336 856
107 718
317 797
15 564
46 234
318 355
260 263
296 973
409 835
137 450
351 759
254 500
406 749
56 69
288 900
5 521
86 388
890 960
278 333
596 852
654 888
297 459
179 464
728 843
192 632
632 824
738 837
102 571
340 563
287 814
96 993
597 978
463 753
358 714
683 697
288 907
62 492
472 924
382 637
489 859
134 167
963 975
590 981
130 172
146 275
443 883
464 502
511 573
550 661
681 942
71 541
588 948
843 939
37 735
331 930
168 948
42 267
207 557
195 438
651 804
184 836
82 488
74 702
770 891
442 496
1 825
38 147
452 925
97 278
580 672
288 385
199 377
295 878
312 532
123 860
372 759
192 502
267 530
10 151
415 689
766 800
23 162
17 648
375 435
460 715
81 307
358 882
663 958
511 769
707 825
531 986
542 584
277 876
183 271
640 755
271 679
467 928
331 974
193 925
97 610
205 718
238 401
552 775
230 970
127 235
360 515
219 769
799 887
193 781
201 472
221 484
761 869
415 926
66 982
303 465
482 705
43 743
442 789
136 821
515 933
764 800
530 768
453 653
1 434
878 906
642 885
501 895
282 557
128 962
102 417
624 792
4 510
372 722
422 646
972 996
240 482
218 333
381 391
287 333
240 876
371 920
437 969
288 722
494 999
70 831
487 550
295 610
8 273
522 629
227 659
103 893
147 635
486 687
394 565
39 428
36 125
501 894
682 713
560 725
234 962
64 155
71 532
527 738
283 479
606 842
446 667
17 855
19 59
692 776
489 714
833 939
155 539
451 730
308 954
567 573
468 776
190 485
80 830
61 656
362 561
146 518
870 989
741 868
297 448
166 499
256 285
58 788
551 970
96 825
56 408
820 865
279 334
392 697
457 878
31 633
552 863
735 934
202 725
666 744
136 472
273 902
45 650
338 852
449 689
494 582
256 959
348 624
88 382
177 768
130 571
670 909
204 308
892 911
680 986
452 725
677 922
384 690
578 911
104 625
70 224
423 711
368 847
285 392
186 825
243 248
110 497
198 241
560 879
754 907
245 708
731 922
49 678
795 980
653 966
484 679
417 994
339 614
19 337
347 422
240 855
694 724
392 960
318 393
211 666
401 966
434 604
227 692
177 357
594 989
673 970
323 676
532 918
830 977
61 437
293 685
383 909
256 595
462 629
63 734
469 975
552 916
905 968
207 344
463 722
976 994
338 470
682 800
105 515
787 804
45 641
316 407
497 861
46 561
275 892
229 557
74 868
266 940
204 393
854 956
45 984
485 611
102 451
661 886
609 712
232 654
68 86
45 63
327 913
12 178
421 691
36 419
138 227
176 326
78 461
320 323
9 598
323 485
572 929
886 926
296 840
17 945
14 310
263 662
228 840
151 640
169 474
375 893
202 689
466 505
544 670
777 912
78 564
293 348
123 343
637 950
202 638
40 734
134 671
800 855
299 866
128 158
297 369
678 701
180 708
302 610
97 228
93 177
497 553
74 743
158 288
358 507
142 251
442 525
108 284
717 748
274 761
423 821
535 738
94 529
405 504
575 739
190 570
482 916
294 638
575 671
65 563
397 936
230 712
933 939
393 677
1 209
32 343
201 716
283 465
5 526
843 853
211 642
19 580
854 916
275 300
559 964
604 782
622 737
291 532
130 379
1 9
632 799
309 758
467 779
235 322
428 887
386 791
129 761
205 900
143 631
30 426
438 497
130 154
490 512
39 521
634 950
18 554
496 865
572 606
385 474
151 205
342 536
201 271
196 280
149 584
48 435
310 930
224 230
140 930
148 859
896 966
126 365
402 899
450 465
387 584
438 636
13 975
147 661
123 759
645 704
155 968
684 976
126 650
137 602
767 915
70 737
44 583
371 940
127 805
335 364
1 885
248 643
581 903
95 288
939 959
237 696
433 667
165 585
550 552
529 608
15 227
712 812
337 605
459 926
171 835
757 799
96 908
112 951
61 507
28 175
101 242
102 579
332 560
529 918
753 930
285 781
460 504
246 833
150 306
837 933
20 795
371 431
873 916
41 89
235 779
718 944
66 312
186 884
36 874
498 724
335 765
802 848
301 324
570 927
385 996
513 870
203 590
667 964
12 302
2 277
397 663
104 223
549 977
41 613
337 976
244 785
22 774
110 573
205 483
420 426
63 357
838 870
129 168
64 174
501 830
567 723
26 706
693 750
233 730
221 792
410 892
119 538
147 723
281 758
337 687
441 520
377 717
601 816
519 849
401 604
417 864
379 753
812 935
43 394
250 300
159 751
804 959
443 637
185 920
20 760
66 126
25 839
629 979
498 869
14 722
578 925
613 681
976 983
547 958
403 525
228 610
447 853
50 218
581 884
279 695
364 790
544 894
368 398
329 527
131 476
247 571
715 772
304 881
282 834
443 653
807 910
400 667
81 241
124 956
353 808
163 473
103 499
213 480
443 623
696 724
7 361
262 459
299 604
92 364
290 843
360 937
370 428
27 132
408 896
469 677
765 941
469 470
786 958
638 942
2 346
94 475
533 541
316 919
65 820
323 977
110 619
190 382
600 750
325 404
94 667
516 588
310 518
624 793
508 887
66 339
580 805
512 748
54 278
118 724
33 717
228 366
817 992
90 982
851 888
219 856
666 729
603 673
206 233
341 953
642 910
455 711
493 646
26 109
168 772
209 500
430 577
335 569
487 980
696 941
131 387
447 741
23 74
60 616
154 486
125 352
560 845
36 507
837 919
227 302
52 828
287 403
472 878
729 756
89 894
365 430
196 236
295 446
968 976
160 840
258 463
52 274
154 755
82 491
479 978
63 262
123 205
758 904
574 702
137 688
793 966
48 360
390 708
366 836
299 336
222 935
880 962
396 483
463 858
115 998
139 490
20 615
880 974
462 551
65 841
83 567
208 222
72 491
24 284
141 182
176 479
301 311
32 247
177 635
612 914
148 936
133 304
400 952
425 759
143 516
285 406
325 976
31 370
344 857
280 830
107 839
397 424
352 584
620 918
291 772
14 941
574 812
47 917
397 817
40 883
349 698
149 486
831 977
377 568
258 555
319 609
926 975
600 981
362 807
31 934
245 510
829 901
112 993
120 857
280 861
540 825
888 918
446 982
602 787
404 624
491 590
38 839
363 839
169 905
655 881
87 507
565 637
79 580
681 831
250 685
331 911
220 268
782 977
602 848
179 273
343 525
195 560
258 793
407 714
569 882
53 96
296 607
594 644
534 535
990 991
186 626
102 860
237 676
45 719
269 318
253 852
522 710
493 557
143 697
376 858
648 868
189 849
151 392
95 554
571 853
398 547
489 848
448 691
694 767
525 602
605 972
126 341
595 817
464 475
410 735
783 829
676 843
51 307
113 887
1 762
67 344
559 790
110 378
246 817
3 783
445 532
14 376
454 644
409 429
109 174
174 556
277 863
444 991
3 892
408 925
309 829
122 933
159 237
243 880
499 966
115 344
577 866
576 604
686 718
158 968
292 342
139 412
455 938
260 860
215 578
42 979
706 859
69 915
298 990
153 608
613 623
506 837
527 766
547 924
495 586
559 669
359 387
1 632
103 747
492 702
104 713
545 798
21 317
119 573
360 858
351 705
274 789
440 738
88 170
463 615
75 620
251 740
795 847
204 603
467 772
418 546
215 813
315 411
402 560
877 912
68 267
321 822
353 717
550 590
25 770
828 861
378 769
628 909
315 440
700 852
67 254
266 697
298 942
585 623
490 742
532 715
51 451
252 328
357 750
9 798
190 265
210 593
48 117
96 693
409 783
439 572
654 760
16 435
249 344
321 716
762 904
869 880
22 279
29 69
87 558
620 769
255 961
252 965
5 857
24 608
242 495
55 351
70 157
378 472
871 885
252 345
151 270
882 946
504 889
467 854
14 994
342 480
614 885
236 896
361 944
647 716
2 886
800 999
23 977
245 564
138 199
431 793
744 773
268 384
480 843
366 762
364 772
8 565
96 422
665 812
226 629
301 945
512 518
290 375
101 915
181 711
105 289
105 336
261 400
289 293
603 716
695 896
142 516
588 712
64 111
31 337
656 909
764 971
462 773
220 446
443 805
28 818
268 405
126 831
459 786
371 793
421 879
339 629
92 798
231 612
118 941
385 724
508 960
286 981
164 490
511 844
167 445
650 956
91 581
36 318
371 762
78 791
199 503
245 590
487 749
702 745
503 689
184 914
480 795
104 469
205 463
756 930
318 992
507 808
698 971
869 884
628 779
431 889
585 843
13 682
588 715
535 763
661 799
522 649
483 807
56 878
287 987
116 141
780 828
581 642
357 544
42 56
699 935
211 751
382 934
300 327
447 834
613 677
111 945
489 868
505 736
425 439
199 641
265 683
329 650
316 477
390 552
523 979
593 884
115 199
298 998
105 519
275 442
21 204
459 915
293 932
98 840
173 888
883 914
425 646
152 461
506 522
163 544
323 779
351 852
76 602
321 557
186 455
79 265
111 478
538 812
594 986
462 851
508 732
30 473
476 904
295 468
159 556
706 863
318 539
660 777
696 807
383 745
320 446
253 823
173 394
626 873
406 646
1 597
240 714
466 838
871 966
255 766
420 752
295 469
417 749
520 641
17 282
242 515
13 480
304 734
111 742
763 862
57 872
121 953
491 920
743 981
106 126
437 576
430 544
220 511
61 489
191 415
168 914
344 356
44 868
139 895
270 419
37 830
487 984
228 870
172 600
93 105
614 881
230 907
777 923
146 559
329 784
250 466
133 223
84 405
347 454
168 888
465 533
157 396
727 901
503 702
170 711
652 702
5 245
7 970
223 398
488 619
779 869
707 919
442 869
149 691
809 813
86 196
176 219
489 709
114 921
212 910
3 274
288 714
813 988
330 976
717 975
566 980
797 836
751 905
281 546
310 350
225 304
405 676
301 876
198 308
506 511
195 569
496 683
477 665
175 973
460 627
75 484
212 608
313 925
559 751
491 976
139 902
37 324
1 4
413 923
573 793
789 795
346 885
506 990
161 800
482 490
509 957
707 844
164 746
458 860
487 798
571 916
43 223
274 369
825 972
703 840
31 824
32 404
286 524
196 632
138 695
688 955
198 580
261 428
19 970
456 958
142 322
152 676
848 953
774 819
85 300
526 637
13 226
288 670
603 856
506 814
232 987
9 537
262 418
43 373
34 722
306 610
500 616
638 665
49 60
893 994
72 175
331 640
293 931
38 365
544 817
483 690
116 332
650 832
105 812
77 660
436 826
922 975
811 859
731 884
860 922
725 882
733 799
714 975
351 645
367 563
383 809
544 783
864 897
594 889
575 906
48 638
88 449
302 552
527 964
218 550
393 496
341 694
20 422
275 949
96 626
82 517
516 785
440 468
531 747
182 453
62 79
213 971
884 989
572 846
400 871
184 796
615 779
158 694
385 708
627 961
246 293
196 442
352 369
508 719
103 706
496 714
470 885
111 230
88 164
72 338
474 914
204 453
62 887
400 525
467 814
274 712
410 860
127 332
403 774
7 777
343 506
272 396
583 683
561 892
402 936
851 985
161 748
605 785
230 665
38 269
623 874
317 490
695 731
699 965
105 971
58 209
582 999
230 429
796 910
339 663
653 835
211 680
696 889
340 624
560 696
538 702
244 671
201 428
325 882
143 898
519 996
37 511
113 762
125 891
16 178
801 861
20 726
373 586
356 504
400 944
339 408
225 929
153 246
368 848
67 431
96 470
630 652
309 382
477 813
773 992
412 523
637 653
77 762
792 815
64 796
707 981
844 928
131 533
580 918
726 796
21 851
601 802
258 588
375 571
146 924
521 593
216 609
116 818
146 449
114 289
17 320
12 406
472 978
117 570
13 580
107 795
485 882
108 640
222 929
183 278
109 337
363 463
195 696
230 636
440 551
277 546
10 453
174 706
203 977
55 982
769 839
132 471
726 967
305 417
12 139
161 232
512 552
186 203
188 561
126 427
878 935
247 617
132 239
876 882
49 253
189 901
724 829
277 954
647 712
755 926
131 249
702 979
673 967
74 158
78 158
301 675
793 959
13 353
322 971
284 288
342 774
35 511
843 908
159 427
291 333
884 948
409 878
274 540
195 955
148 375
18 624
133 237
43 380
285 785
248 633
671 938
629 668
274 941
357 755
433 851
194 545
363 828
408 951
25 895
228 901
109 356
373 873
400 522
122 192
345 883
22 403
725 731
128 292
44 598
833 922
295 756
624 775
21 805
528 704
31 943
514 823
134 467
233 437
415 935
658 850
133 849
265 867
398 623
501 679
609 812
537 566
227 944
373 793
239 559
599 829
192 495
261 875
171 993
294 691
487 794
315 346
23 210
45 75
582 773
146 883
670 953
57 765
248 368
249 542
156 695
265 393
69 381
252 819
472 599
51 396
446 584
790 826
127 444
834 859
583 610
239 369
417 593
215 548
515 532
421 788
582 836
84 736
657 688
429 447
151 775
93 408
273 330
20 385
321 951
511 830
323 639
364 381
454 578
971 993
117 692
673 874
72 547
257 745
443 699
164 309
499 524
107 673
3 686
115 129
484 816
363 384
155 299
337 486
40 611
283 655
448 667
550 714
575 898
590 706
476 494
434 906
542 561
126 540
637 903
576 733
126 305
146 792
429 779
250 987
379 776
144 269
125 721
292 403
383 570
740 924
257 289
194 284
69 533
310 577
22 615
718 760
681 739
734 854
48 651
446 878
18 855
386 743
94 457
572 744
154 788
501 537
93 903
1 99
20 230
193 872
464 847
192 908
144 772
257 723
517 977
718 982
83 101
555 581
389 858
558 614
169 615
103 661
808 923
140 210
514 535
428 614
326 720
434 636
388 394
98 782
539 939
402 941
172 706
674 822
134 361
141 144
135 550
319 383
540 943
867 932
9 119
181 793
31 210
349 655
762 805
27 215
350 876
657 756
149 274
111 349
102 435
173 692
608 932
111 787
810 858
387 817
434 870
419 784
161 828
293 413
237 274
597 607
282 718
448 816
148 833
110 353
567 742
137 175
253 676
13 571
440 951
211 299
90 990
595 668
452 613
478 691
584 953
271 824
807 939
660 774
84 314
362 771
95 336
346 865
375 746
413 770
48 398
239 610
748 899
65 804
137 797
745 825
13 247
15 415
259 845
292 355
386 824
422 856
78 132
594 738
464 610
307 996
533 778
563 978
100 784
929 999
245 503
36 242
445 534
303 607
600 794
280 539
751 886
440 460
663 980
669 971
134 298
819 922
207 948
408 686
485 870
201 332
1 344
148 699
779 903
116 311
679 950
90 961
740 850
478 706
490 922
45 234
713 811
91 392
842 990
512 690
502 813
178 789
427 827
487 530
10 35
120 939
585 924
706 925
10 657
32 475
399 490
275 312
553 819
754 942
372 513
107 640
716 988
258 437
41 647
156 561
183 246
304 765
482 937
431 603
213 938
648 782
5 124
523 562
722 959
786 955
17 527
140 659
396 755
538 836
32 516
489 578
11 875
419 492
593 838
401 524
99 917
206 496
388 494
60 425
351 494
318 847
199 528
49 567
270 703
332 515
683 742
126 242
566 587
300 925
11 298
34 120
959 961
460 799
774 804
124 562
290 657
188 514
187 850
766 877
516 655
250 896
66 529
200 912
770 886
62 776
548 952
823 937
458 752
607 621
429 909
110 660
779 975
630 641
808 960
64 447
691 746
681 807
196 826
148 832
30 477
105 663
528 614
122 849
80 843
303 617
120 850
194 818
9 715
205 778
163 737
364 677
337 814
426 854
376 984
278 559
584 923
106 107
494 562
6 191
207 571
364 470
186 785
165 707
349 652
60 76
251 849
14 226
114 263
434 679
347 598
188 549
54 89
26 541
792 964
414 628
56 132
27 630
87 438
47 952
619 797
293 917
172 552
564 738
342 527
67 702
898 909
42 882
62 529
106 299
549 890
577 716
47 200
103 161
732 766
592 636
17 470
288 591
29 785
648 963
167 900
466 752
255 404
54 771
97 617
625 869
62 930
132 795
867 875
341 377
618 835
710 871
589 834
293 708
17 81
796 940
251 850
677 936
113 789
387 670
417 644
119 666
43 946
122 985
176 968
315 951
638 995
91 178
425 692
125 498
250 746
6 428
877 910
645 654
134 492
622 804
196 676
479 942
99 591
188 996
24 589
114 233
54 917
207 483
525 625
95 882
17 596
196 454
175 451
256 549
675 934
121 800
354 715
23 703
15 29
87 610
246 750
49 535
112 976
118 312
867 923
118 369
360 380
159 357
307 505
250 602
509 805
27 696
497 770
51 167
162 527
145 226
338 490
76 715
639 655
468 528
13 747
922 936
569 783
465 756
36 308
73 820
267 931
185 582
684 913
359 588
513 608
60 271
982 984
262 320
405 738
62 349
85 509
324 809
728 938
546 874
7 367
2 185
354 546
737 818
254 502
11 818
504 544
656 758
13 284
765 872
419 807
163 203
238 734
658 764
249 903
787 875
391 833
1 719
220 353
556 751
307 463
42 993
638 801
779 897
238 919
87 741
22 821
889 993
326 738
594 672
332 361
396 493
176 185
168 540
188 954
68 318
102 804
44 905
170 602
584 816
378 732
324 890
211 309
9 653
457 775
326 570
402 956
308 420
107 334
77 976
325 402
56 787
675 941
60 588
765 945
7 552
431 473
729 811
313 652
150 953
275 745
603 626
523 883
581 915
509 798
639 705
105 526
664 750
158 382
286 606
278 825
148 663
678 798
530 710
26 50
482 804
302 860
315 555
626 654
503 693
179 812
16 842
406 940
112 413
135 371
7 121
75 916
691 815
270 681
603 831
13 927
304 676
613 968
373 738
20 592
54 464
259 453
750 810
38 513
90 199
52 477
123 371
729 869
742 934
283 359
117 814
226 601
792 848
138 246
934 998
420 804
108 734
102 771
461 639
119 994
651 857
157 655
5 809
157 184
66 978
439 608
536 689
15 186
489 923
347 521
291 711
174 948
327 905
176 892
180 639
322 764
819 847
365 379
636 961
214 604
84 938
62 791
30 471
140 569
189 938
38 479
785 890
131 370
219 226
211 868
862 882
87 624
115 827
348 555
3 41
98 720
833 871
331 605
142 485
228 957
559 744
322 681
336 657
840 902
318 600
359 514
12 574
481 938
282 914
427 628
404 637
649 669
160 715
383 973
249 914
690 963
374 774
573 612
299 387
603 815
192 589
634 973
202 550
246 579
416 564
508 644
61 99
488 995
340 669
469 895
532 823
607 716
61 495
275 832
211 961
305 978
409 441
24 600
5 324
270 464
678 854
574 761
156 508
14 647
457 807
117 280
270 865
278 315
153 954
397 609
131 426
102 182
694 935
43 411
415 677
141 997
286 489
238 692
107 394
412 980
211 277
141 938
190 934
130 920
27 45
317 985
124 507
773 779
613 695
858 957
155 354
488 726
617 707
9 444
528 780
646 756
256 960
589 632
770 861
659 805
427 979
277 327
325 550
693 715
875 890
675 939
806 923
363 969
563 917
652 955
537 871
145 461
719 950
859 966
731 919
179 619
59 694
715 992
181 277
380 978
249 317
67 877
758 835
215 828
545 682
42 240
269 543
383 719
157 601
278 798
356 508
529 670
201 245
766 831
557 677
546 551
446 520
325 760
22 605
221 871
365 880
701 855
398 820
460 720
478 601
64 285
87 559
167 835
152 351
467 977
367 377
112 397
267 638
604 902
413 632
145 260
28 865
72 619
135 881
562 756
34 884
224 983
517 534
773 957
52 579
766 843
389 830
140 522
482 529
160 702
158 591
546 555
100 124
447 697
74 201
398 779
93 152
54 344
400 427
168 927
350 874
123 512
699 879
897 919
81 519
322 676
16 313
60 424
133 841
740 814
376 382
22 586
76 646
57 803
645 761
476 516
163 200
465 794
169 255
423 989
804 872
73 869
130 914
1 569
290 457
954 960
725 927
762 932
54 662
315 594
546 964
272 545
111 289
313 737
541 543
321 608
443 471
146 766
2 460
147 975
272 468
15 865
101 433
270 928
388 892
512 632
121 799
57 986
555 615
217 220
791 861
302 437
382 939
699 832
1 604
505 928
295 439
169 310
146 520
354 601
367 684
634 972
840 842
289 896
123 738
407 843
360 764
264 906
804 949
360 898
161 363
33 956
368 751
557 665
15 636
103 271
847 869
609 870
22 423
210 865
223 737
248 599
275 419
94 882
302 691
355 765
134 329
37 930
24 451
454 854
130 147
95 459
63 85
15 618
466 577
437 794
299 840
425 844
773 971
635 965
436 572
837 993
917 935
286 942
60 505
262 361
553 966
561 716
610 802
254 374
85 416
170 690
94 160
457 788
287 558
224 942
293 664
269 524
380 927
521 803
382 960
222 519
264 277
391 626
811 944
119 587
460 569
341 516
444 910
503 692
284 469
126 368
529 650
365 731
692 940
212 280
444 504
33 890
769 927
130 804
121 492
174 629
389 634
136 666
116 555
554 668
171 242
440 647
27 179
57 460
318 499
276 381
790 917
174 944
637 883
895 979
45 569
209 329
271 800
110 855
11 617
339 780
451 507
469 665
834 925
672 847
207 838
642 789
248 890
261 700
859 883
576 796
176 393
524 696
110 835
307 995
97 735
623 743
775 934
141 374
846 894
443 812
150 529
540 577
209 731
329 449
435 837
96 556
89 387
385 459
294 310
125 333
540 541
323 807
12 158
797 996
512 732
611 953
282 993
204 497
482 525
126 453
47 573
689 833
398 696
376 822
805 958
382 976
538 729
442 596
437 789
265 287
238 735
86 490
422 435
651 762
69 994
904 951
399 476
130 953
397 944
312 749
609 628
894 941
456 862
448 748
37 715
543 588
316 380
75 433
313 638
211 215
208 407
187 484
836 867
257 464
58 584
251 466
735 852
882 990
716 798
20 692
58 941
643 995
274 361
79 951
558 939
632 678
568 759
358 717
365 819
234 508
268 608
93 113
149 863
815 959
91 755
83 202
147 769
676 704
198 727
118 716
267 998
323 586
319 353
744 906
474 936
497 578
522 914
477 699
3 989
185 854
764 849
31 966
376 831
372 834
236 551
743 818
391 470
774 973
300 477
740 783
359 402
517 966
583 684
126 606
53 533
298 627
263 409
384 696
725 986
319 684
489 909
461 841
232 544
664 825
217 619
37 573
536 752
131 802
29 312
19 393
536 790
325 516
693 929
164 488
577 731
136 146
457 521
412 643
15 159
69 439
150 698
20 95
646 668
450 871
249 866
245 600
462 784
72 116
317 850
125 137
345 705
414 697
185 508
646 895
113 132
383 863
502 960
514 694
613 647
150 390
244 997
172 710
154 310
171 340
378 558
412 766
160 507
413 707
444 788
810 857
872 925
359 545
161 357
307 497
548 723
520 765
87 555
761 854
3 108
641 982
193 198
360 763
77 733
164 860
801 939
743 783
78 870
289 595
212 632
232 895
223 337
55 155
292 485
169 848
502 757
766 893
33 992
74 427
516 577
615 741
303 428
315 968
49 120
96 341
287 397
649 738
231 790
4 357
371 692
900 943
787 934
169 794
356 574
48 69
270 482
528 731
166 300
362 926
44 578
126 872
982 991
440 540
476 758
38 933
742 867
163 875
34 967
209 854
22 860
86 875
75 638
59 999
230 663
321 761
551 603
430 763
530 800
172 322
119 352
199 265
6 197
195 541
464 828
152 528
463 882
30 184
286 302
577 693
728 921
606 783
299 998
344 489
161 902
172 529
168 518
475 971
152 174
293 962
553 916
170 548
486 986
474 767
229 450
242 355
323 735
385 737
400 876
245 674
226 942
84 477
259 265
728 987
235 913
268 834
115 987
342 930
538 563
42 555
260 712
357 572
563 568
151 233
427 573
119 516
543 785
263 960
15 302
386 869
601 920
384 591
626 816
653 970
859 901
27 996
376 768
29 316
737 828
131 331
405 661
454 905
19 896
257 765
261 823
77 159
48 941
339 414
626 804
244 992
71 592
51 398
172 385
530 578
264 485
367 465
317 441
820 831
461 523
643 838
122 408
215 805
308 474
612 895
797 897
157 612
286 426
194 798
340 921
257 415
18 736
30 130
248 801
364 898
51 233
336 973
380 671
493 656
866 950
30 465
606 945
213 852
684 812
428 528
495 498
158 518
446 898
23 271
153 445
316 811
510 737
68 338
92 635
472 888
44 654
222 939
177 828
470 687
134 157
133 699
416 765
957 992
316 650
52 222
325 428
633 739
27 965
16 840
540 789
657 916
321 397
278 859
289 456
83 176
465 599
93 206
219 717
128 377
49 707
128 199
624 924
333 976
637 692
438 495
29 282
338 560
333 526
415 829
377 773
37 743
33 431
502 724
481 576
711 836
231 308
196 669
213 492
651 786
849 903
428 670
403 415
751 880
870 917
235 254
535 752
596 715
318 513
710 955
223 811
666 799
28 797
500 990
114 521
669 773
149 297
155 841
148 535
258 996
880 977
244 822
398 510
307 327
263 931
399 459
195 846
235 603
42 772
139 851
202 232
217 983
509 772
716 749
77 346
456 985
467 644
553 805
707 748
720 998
625 640
422 812
254 687
490 940
668 723
359 982
176 710
9 764
383 430
119 409
256 794
389 890
287 647
186 870
776 942
78 369
662 749
548 738
585 608
450 680
68 639
527 938
59 352
367 924
440 955
164 882
173 955
213 566
271 282
665 862
32 945
198 631
402 790
27 284
13 255
386 907
12 427
130 198
131 418
288 358
730 733
172 232
164 744
68 649
1 157
517 855
436 589
363 823
270 299
58 886
317 665
274 554
292 784
401 925
293 519
708 791
623 696
72 517
882 929
125 759
3 879
9 771
640 942
259 728
302 419
107 687
419 432
444 928
418 924
425 566
139 876
255 903
846 888
10 548
37 409
140 620
276 769
113 518
770 783
433 946
75 941
518 648
89 488
492 755
161 993
633 912
541 612
252 366
122 548
463 490
52 559
596 917
309 846
606 886
473 558
590 613
33 973
71 974
314 737
600 867
39 572
298 601
656 760
622 943
281 995
277 831
443 844
250 748
914 991
87 526
488 809
394 594
602 832
364 743
656 693
826 901
141 859
263 387
257 920
414 951
1 884
106 937
122 527
821 936
395 785
371 567
869 951
461 485
1 229
108 606
17 721
114 303
212 589
382 699
52 948
337 744
71 949
720 741
519 535
163 857
148 899
45 50
10 244
365 614
603 905
266 651
794 876
223 385
209 466
422 744
51 582
30 424
131 262
210 548
15 32
106 599
19 746
89 310
571 874
40 638
114 461
481 973
218 566
318 746
699 775
261 303
196 816
440 481
152 750
341 674
491 873
65 352
92 687
112 741
40 380
553 764
411 510
108 641
204 705
500 730
70 165
146 476
51 212
132 469
116 515
163 839
222 704
541 907
225 494
399 750
669 731
388 475
446 781
339 577
190 870
490 755
65 120
49 327
241 458
475 825
350 505
440 736
161 618
669 739
779 886
379 412
308 658
443 915
200 239
1 932
257 481
761 785
276 541
119 398
186 846
151 528
630 777
216 859
115 736
164 303
186 998
479 488
458 911
375 381
195 241
900 903
574 922
105 438
600 706
550 884
405 406
529 814
549 556
21 224
482 826
100 261
14 878
228 273
143 947
712 917
216 840
117 128
85 379
401 639
449 472
235 794
25 663
696 914
96 580
66 903
745 885
482 809
180 275
273 911
772 851
388 395
129 447
281 682
458 635
309 771
28 509
758 948
97 824
12 765
253 501
603 993
48 512
190 940
401 658
143 891
286 618
913 939
961 977
237 576
291 612
712 965
29 496
489 566
141 794
297 359
88 254
301 581
2 913
364 855
257 536
166 690
484 687
77 898
149 255
184 963
460 594
130 137
92 730
513 960
87 224
494 986
159 388
153 620
88 110
166 925
485 947
682 958
640 709
734 745
308 614
705 797
103 289
637 838
113 933
622 923
351 968
60 609
466 695
522 877
299 301
75 388
465 978
655 913
254 798
66 814
267 860
765 839
499 954
554 558
528 978
132 912
83 833
901 931
80 585
364 718
179 820
549 693
192 784
454 551
134 444
411 469
388 957
109 260
663 794
275 904
465 733
244 687
9 735
30 737
369 856
48 280
468 495
159 360
110 762
716 788
279 637
664 706
24 562
264 631
657 660
420 443
207 596
15 339
253 884
700 756
719 976
187 645
820 921
771 806
317 339
904 906
221 522
643 784
213 336
537 936
205 422
539 998
195 500
104 544
144 969
242 830
96 525
691 786
327 952
420 463
622 922
280 568
614 806
639 677
294 325
18 560
63 610
160 605
24 906
166 170
590 788
72 901
283 947
554 778
502 699
190 903
600 837
333 405
268 730
169 322
291 580
296 577
205 222
426 869
446 808
475 654
583 744
278 427
159 282
754 902
296 531
128 924
180 744
255 528
550 663
179 411
221 845
345 865
194 355
486 577
369 729
148 777
446 595
207 797
382 476
426 465
569 588
92 697
632 650
208 267
180 312
63 380
21 633
312 316
455 931
520 676
727 859
265 543
583 706
267 522
62 712
275 396
290 594
599 922
153 324
50 444
187 761
389 674
164 605
143 208
40 932
65 940
137 389
317 736
603 924
376 794
503 666
267 549
41 345
819 838
172 987
732 972
584 797
730 923
488 748
342 452
245 785
369 621
579 832
197 921
210 691
499 943
71 639
426 908
2 725
166 620
60 608
572 590
388 890
771 833
204 361
690 869
87 882
344 493
706 718
206 447
612 629
22 70
69 684
40 378
226 438
143 550
404 627
253 855
4 811
35 459
311 646
689 744
366 522
624 797
193 246
53 440
392 674
137 651
444 896
57 395
436 909
149 812
231 741
333 522
509 577
17 278
550 844
248 322
229 575
4 7
811 849
664 919
581 809
379 820
34 736
386 510
87 774
516 855
221 726
609 726
320 837
109 493
110 376
59 176
4 384
116 250
161 524
30 915
815 936
1 832
84 799
790 901
289 533
174 934
641 689
185 196
212 588
442 970
230 568
9 143
105 396
229 779
324 632
27 661
139 960
152 731
681 799
320 941
232 386
63 113
385 544
266 283
330 845
526 835
84 268
385 794
475 496
1 171
809 853
305 732
319 717
471 815
340 411
396 928
39 676
89 664
633 724
637 721
392 526
351 824
798 885
524 604
331 776
29 600
125 636
653 950
487 554
76 288
674 899
846 938
41 223
304 903
8 907
185 321
636 717
185 581
130 884
447 551
41 864
500 843
77 822
41 142
591 692
180 440
701 813
145 591
8 97
487 605
250 338
139 749
38 452
413 825
512 740
480 497
505 542
133 326
122 281
121 639
287 328
203 550
502 959
69 695
247 901
341 714
589 989
266 763
363 514
487 510
139 300
153 750
427 886
377 919
224 282
765 816
302 342
84 366
26 400
482 975
416 890
198 478
334 509
25 330
376 785
173 359
142 804
584 948
123 306
613 670
362 417
667 745
577 786
268 746
136 152
96 989
82 600
731 771
383 752
223 320
293 461
199 632
489 760
297 383
613 903
259 500
394 731
478 546
497 668
904 933
913 977
440 796
729 852
44 228
41 54
481 873
542 963
726 825
459 823
297 482
533 941
398 406
472 807
159 340
369 549
420 841
372 817
523 970
29 381
31 519
24 212
492 961
353 689
557 614
148 803
464 922
346 816
835 862
372 621
77 874
686 935
146 761
200 899
260 769
580 934
71 255
392 432
440 897
431 798
431 572
131 395
594 774
388 496
359 672
58 413
469 843
119 257
71 971
592 672
341 589
310 881
677 770
451 582
214 944
135 819
445 986
634 722
25 461
251 488
139 553
167 770
20 50
220 899
230 703
104 939
749 851
394 577
180 931
294 386
60 855
4 31
617 802
244 277
541 835
537 677
411 622
285 302
234 742
657 973
769 840
206 473
436 777
571 860
191 326
20 534
194 511
171 173
4 831
170 689
176 379
127 850
413 686
266 538
648 824
19 859
246 536
218 381
267 368
35 302
160 389
164 467
13 301
420 525
361 880
112 279
234 997
184 704
270 347
288 869
830 856
114 904
426 429
639 783
544 871
25 617
75 708
255 819
394 818
341 745
429 449
91 238
73 225
155 840
111 895
23 381
56 378
83 311
27 890
133 816
292 497
612 872
703 777
448 787
106 454
54 149
197 485
533 538
395 942
763 767
9 364
153 335
296 923
622 914
67 677
562 614
293 392
262 931
247 341
245 407
337 869
162 763
334 940
269 931
24 593
17 899
190 316
725 819
107 125
499 665
360 443
603 675
193 520
129 153
818 924
458 593
220 462
274 786
314 648
539 953
421 674
205 556
42 847
905 984
675 679
506 676
40 202
200 424
208 968
636 820
497 773
577 769
312 901
58 551
291 448
919 987
487 927
895 965
105 583
12 22
306 840
167 516
352 551
68 700
247 813
161 443
267 911
723 915
852 855
768 990
624 667
664 926
915 992
260 940
76 681
708 961
102 764
269 681
462 852
595 856
319 722
107 696
553 616
339 876
110 651
343 540
372 616
28 852
788 804
471 479
809 830
228 453
615 837
559 890
65 621
772 831
126 356
514 805
308 318
39 514
272 390
1 545
18 868
356 942
195 981
568 902
251 315
171 967
190 344
896 941
390 532
151 189
163 270
168 435
19 606
119 198
24 355
240 255
675 880
92 961
379 926
693 759
533 763
133 294
419 537
196 418
62 904
5 626
494 804
224 701
551 805
198 376
827 840
223 740
644 904
81 223
521 670
441 464
50 85
288 551
263 773
355 619
245 257
609 621
74 904
4 706
750 843
323 865
695 998
653 712
298 402
106 942
307 909
154 532
110 237
709 992
210 941
328 714
558 602
505 909
211 707
673 932
619 851
657 713
130 603
586 691
744 950
256 729
636 729
177 193
153 293
224 727
56 560
14 23
168 235
74 978
720 849
584 871
71 858
840 872
582 998
323 421
153 280
597 700
305 715
321 338
186 307
21 159
766 999
3 12
763 958
65 471
84 357
124 735
23 355
319 581
134 281
519 897
147 601
514 957
721 814
807 945
30 214
420 750
187 441
463 824
122 321
261 474
663 945
54 862
282 527
228 882
540 586
380 777
294 882
131 823
497 530
275 865
139 751
353 566
362 703
88 879
94 243
125 552
396 930
196 306
96 125
162 737
331 536
134 138
81 925
237 817
435 873
123 370
425 614
244 943
54 253
808 964
141 678
554 676
144 938
417 811
167 829
453 490
332 441
135 670
496 613
153 441
772 793
399 926
339 738
92 288
54 494
326 961
494 949
219 398
117 224
157 266
498 870
773 886
515 941
306 704
601 767
157 432
480 934
85 831
283 528
28 610
251 363
689 721
340 818
513 863
456 496
167 546
445 510
714 917
321 863
561 746
116 458
284 887
389 657
194 790
189 517
198 943
479 640
112 544
56 546
74 162
493 957
339 571
144 925
660 970
187 728
585 719
544 664
809 852
517 822
37 397
268 643
15 239
46 316
821 908
124 971
12 97
209 847
106 906
219 483
148 472
327 966
290 509
94 345
773 794
283 577
87 273
473 795
1 533
6 326
730 788
9 642
138 957
689 991
84 455
815 932
155 493
213 563
157 963
119 462
211 651
307 736
639 664
734 984
336 367
338 762
386 581
21 463
73 846
259 610
158 792
378 969
424 576
421 985
290 504
120 469
586 699
61 890
372 858
102 637
88 749
51 691
142 289
204 548
259 800
735 827
326 669
321 622
524 532
520 527
227 464
725 933
31 728
318 421
170 541
346 441
326 569
437 678
12 551
381 689
354 679
108 308
583 661
245 964
12 234
799 929
8 38
614 984
456 796
112 945
412 529
407 883
468 732
76 706
112 654
303 310
497 723
147 501
263 887
646 896
800 938
42 469
597 602
73 734
88 432
834 988
213 706
772 998
687 796
273 606
447 954
114 922
429 818
405 409
9 737
346 477
53 389
396 935
8 740
391 686
243 518
502 710
338 987
81 260
101 660
584 960
50 644
164 208
641 787
813 905
416 888
133 375
72 398
557 613
558 956
389 396
151 229
426 453
1 25
502 735
722 876
318 741
355 988
482 778
237 620
295 990
74 669
290 826
327 368
563 940
223 774
983 988
366 796
284 790
125 517
517 783
664 892
13 83
383 978
74 358
700 714
30 306
565 792
332 533
614 646
356 554
90 378
476 840
444 643
211 502
62 974
243 284
117 497
75 519
151 370
861 955
435 827
302 992
1 870
404 983
51 856
270 849
241 398
113 269
109 262
174 197
864 983
778 906
78 580
97 432
1 607
234 242
211 745
459 723
569 922
671 871
23 344
54 643
788 848
415 909
76 337
669 996
274 350
76 648
620 644
369 697
359 736
193 468
146 597
314 895
483 628
577 800
441 617
181 224
330 947
635 851
637 666
1 399
297 310
337 450
730 962
736 818
559 582
164 645
259 297
274 500
322 990
277 848
414 670
21 163
472 593
454 946
50 769
53 513
123 596
556 644
329 561
152 381
746 847
141 402
113 348
371 993
490 717
493 746
20 148
254 936
800 983
147 277
470 874
85 489
597 882
575 920
267 462
97 889
183 492
166 262
393 652
290 933
440 793
61 939
760 917
117 414
610 930
31 239
422 677
521 952
583 742
60 770
140 914
721 821
592 614
176 617
502 984
19 514
326 673
660 877
464 755
24 631
351 415
336 862
506 881
615 788
783 847
231 677
83 528
14 158
96 226
35 755
937 994
1 625
548 939
716 989
706 782
342 472
359 381
227 505
69 880
273 766
189 282
578 848
736 950
94 377
457 940
280 512
7 709
238 282
107 765
145 900
24 342
333 617
400 532
402 688
9 704
348 396
40 74
242 527
856 903
781 943
344 651
348 507
164 200
297 626
217 293
384 403
73 850
268 421
269 728
84 86
252 544
607 961
55 954
201 814
734 757
202 704
58 805
259 467
14 572
512 716
959 989
185 666
493 924
456 895
88 690
41 524
130 375
388 861
32 766
35 887
90 643
164 509
106 834
70 768
608 670
92 424
58 862
9 829
313 979
318 618
32 275
556 994
575 754
251 961
594 716
131 808
235 289
592 781
42 306
380 931
172 355
563 996
668 681
131 913
49 132
219 917
262 537
452 637
18 929
742 829
724 834
14 189
522 568
381 662
652 750
335 618
302 305
323 487
395 946
12 436
347 556
132 198
763 901
82 752
597 629
435 690
165 579
147 391
921 924
69 333
62 539
100 161
342 633
626 788
97 619
132 450
693 799
331 794
273 949
426 937
548 713
670 784
127 263
923 939
147 483
543 874
505 778
89 115
659 734
89 116
521 544
727 922
149 917
375 613
310 865
573 887
224 460
258 893
741 771
719 800
173 192
453 838
47 317
42 656
692 916
173 783
223 858
17 951
409 944
263 875
699 816
325 952
63 716
114 400
85 105
225 934
203 664
705 737
71 170
332 769
782 916
172 528
347 739
71 599
521 988
382 595
916 942
532 835
672 828
144 974
248 337
39 212
73 314
398 719
561 564
634 677
834 875
258 596
234 601
582 988
438 439
782 812
465 542
265 700
340 645
106 118
340 710
181 778
172 190
594 652
701 713
84 822
195 680
572 951
103 171
274 897
20 969
789 977
16 941
7 992
29 534
306 473
326 797
41 86
550 865
639 813
835 859
547 609
251 368
178 321
218 318
704 961
32 529
250 707
255 630
225 855
141 607
517 905
171 358
640 651
39 319
5 37
738 999
357 661
717 830
100 840
371 559
147 354
115 205
410 747
633 876
397 847
712 762
474 708
149 523
516 677
319 693
9 494
5 130
2 455
179 803
86 907
180 351
942 959
718 975
113 217
74 200
430 511
271 677
435 749
353 829
135 969
363 681
463 679
388 453
118 216
154 357
693 697
157 565
139 903
226 377
293 850
441 608
940 975
189 353
159 663
21 395
134 333
79 432
249 738
246 906
537 811
395 997
119 895
76 369
421 972
111 154
636 890
278 921
561 872
703 956
16 829
561 907
568 994
301 476
866 992
12 844
344 590
424 903
792 817
93 488
284 312
112 659
324 623
588 735
365 737
892 992
365 620
63 601
171 407
506 603
553 858
359 461
129 279
134 550
220 313
486 653
794 863
568 939
498 599
103 244
112 145
758 992
837 989
538 992
940 992
420 809
856 883
365 522
16 864
685 835
382 815
279 938
239 962
16 813
1 709
478 681
530 550
752 852
496 996
274 913
948 958
825 941
511 842
329 654
691 836
226 592
166 613
100 807
49 802
372 430
28 870
92 702
500 981
309 985
547 896
359 828
80 518
722 877
272 925
173 365
522 558
329 473
24 455
741 901
633 741
63 513
531 856
126 688
210 894
153 580
22 772
254 565
152 296
642 894
181 903
116 433
336 913
288 455
759 894
462 997
199 685
60 361
35 103
77 665
23 858
686 809
621 802
493 763
569 718
146 226
437 777
259 526
651 770
288 313
561 996
65 849
590 758
613 751
3 908
465 991
282 917
631 704
136 500
94 746
497 606
261 653
133 996
244 560
356 864
209 288
261 997
199 624
201 703
85 574
376 601
214 462
104 579
296 781
827 873
267 472
475 529
291 928
103 307
206 842
342 390
781 983
706 827
33 66
668 713
209 579
185 367
57 348
532 587
233 460
458 914
238 563
78 419
184 702
676 768
161 337
174 776
487 717
703 921
114 926
31 73
21 775
181 901
50 390
168 414
9 227
516 746
306 377
182 678
757 977
784 898
65 589
275 537
550 904
621 879
272 556
33 112
38 516
558 771
327 939
155 173
169 391
28 513
602 756
481 792
732 739
341 978
480 826
299 466
686 949
144 323
536 847
787 850
586 778
212 747
371 537
369 931
552 696
136 862
46 400
147 386
6 311
164 896
214 216
87 383
700 787
78 949
693 800
193 254
93 878
647 711
679 993
285 816
320 858
251 523
248 638
45 443
855 912
41 712
134 227
383 561
722 727
791 982
136 678
135 575
128 425
440 861
157 221
510 783
565 752
81 458
422 865
657 930
76 873
279 635
326 975
863 872
121 312
98 221
160 730
5 749
290 789
189 919
571 588
448 449
123 713
40 797
81 451
815 956
382 952
125 630
279 899
469 735
255 446
99 952
44 152
78 784
189 923
346 490
702 834
83 536
246 846
348 548
205 485
735 935
688 888
256 925
472 637
599 802
28 679
203 839
490 905
245 761
123 276
95 136
56 166
237 615
16 617
757 879
74 944
266 333
133 385
279 500
669 730
117 948
228 864
278 777
619 721
93 753
373 507
813 912
259 854
49 629
411 783
111 548
251 712
274 287
52 140
844 981
671 867
294 327
18 664
224 313
169 899
26 703
678 999
7 434
99 196
365 502
209 485
536 724
331 825
538 710
406 409
432 854
355 852
1 181
47 448
99 527
49 757
167 522
346 757
585 600
465 577
154 720
377 865
66 352
10 407
479 559
869 926
251 563
455 816
184 363
195 534
29 116
354 612
670 780
36 622
69 385
852 961
247 597
229 907
13 786
431 565
768 954
55 691
357 429
294 911
221 558
643 961
287 864
635 785
52 977
484 947
271 985
155 454
176 683
786 975
106 252
902 976
41 338
428 681
479 513
333 998
452 766
207 997
15 134
759 937
353 735
62 923
245 963
310 377
517 566
22 323
137 479
13 721
77 542
592 727
116 671
354 461
340 489
430 504
130 934
267 635
832 844
837 853
52 233
740 926
94 187
386 710
912 944
963 979
720 958
513 871
161 965
733 788
328 726
95 578
200 796
146 570
37 711
330 583
102 195
12 643
100 886
74 482
230 669
18 328
618 755
464 526
276 306
154 323
422 718
808 907
101 550
190 779
452 684
601 675
553 752
501 783
692 873
196 745
51 702
733 746
169 313
54 76
270 812
191 818
227 810
273 326
37 839
479 806
77 383
1 364
672 904
153 820
333 478
572 809
250 358
146 911
595 876
383 600
368 872
206 428
468 910
113 938
271 935
10 466
361 666
263 685
11 59
390 943
509 695
380 818
461 883
187 799
581 909
88 827
586 770
141 912
8 481
415 570
912 951
679 864
162 670
454 537
570 858
279 880
93 819
120 780
620 906
152 208
547 832
225 256
543 872
481 676
144 238
244 258
826 932
704 966
265 296
268 373
597 839
887 902
286 893
566 840
170 290
210 455
499 925
531 565
396 627
81 673
440 450
157 330
308 925
610 973
505 726
844 910
633 701
80 298
338 581
377 551
761 993
732 829
177 492
766 993
121 796
1 991
46 580
69 264
371 425
291 664
325 962
2 446
433 779
391 517
433 757
356 363
340 557
398 573
26 310
29 427
19 273
215 954
18 354
463 808
314 791
562 862
668 850
43 414
267 350
72 225
310 940
492 603
185 547
64 420
730 999
395 528
132 655
487 561
63 916
169 791
257 843
592 831
255 565
146 719
641 642
141 401
385 673
304 988
685 689
49 290
84 504
584 645
438 637
208 281
144 603
89 815
411 662
591 691
216 224
471 660
206 556
139 560
324 977
812 981
94 516
184 660
137 424
747 888
404 985
518 606
218 448
831 997
404 777
215 960
709 928
360 911
293 817
259 283
244 958
75 764
374 740
764 880
563 644
171 641
607 694
661 777
430 944
52 191
426 532
692 911
62 936
116 746
429 647
89 736
133 298
590 814
243 957
72 254
128 206
246 609
131 487
702 774
17 211
521 921
444 838
296 872
365 431
9 363
528 970
49 876
88 855
581 749
438 908
197 582
269 327
745 974
303 562
68 807
279 985
275 374
158 824
177 673
152 184
749 935
512 677
89 855
251 892
513 820
254 725
310 557
182 574
530 758
122 896
608 812
183 361
465 957
287 792
9 849
587 892
663 866
722 998
414 594
397 793
228 585
138 580
531 610
772 996
148 989
356 885
711 872
338 980
235 772
851 934
520 564
114 155
21 300
905 943
243 692
11 415
308 552
397 968
331 509
355 415
595 930
213 671
102 422
199 823
477 859
221 275
452 658
459 482
273 896
212 305
449 779
476 905
529 722
280 633
153 733
125 967
170 234
47 439
443 648
630 653
143 887
394 406
86 120
288 629
346 517
202 657
515 561
33 741
53 398
160 381
112 783
455 794
702 706
152 623
130 686
434 476
425 974
25 444
597 729
892 913
268 614
354 842
594 766
692 819
171 440
34 582
372 793
170 772
309 552
107 555
425 499
917 988
572 863
70 393
393 725
522 879
692 705
501 532
740 904
835 849
90 481
107 584
133 552
275 787
164 611
73 174
104 220
697 756
839 985
325 606
444 467
311 379
485 776
108 958
475 708
156 420
171 686
142 367
520 611
195 493
303 546
319 504
617 995
39 890
342 594
542 664
290 434
297 545
501 515
397 780
284 633
109 544
752 931
416 583
372 491
160 922
581 886
77 785
398 676
361 536
861 966
862 952
565 699
427 790
142 750
29 407
189 285
774 798
46 906
305 973
141 793
344 355
773 932
320 711
33 647
193 911
466 780
6 457
136 790
553 809
399 408
116 985
562 610
556 621
345 909
785 864
308 773
300 879
372 952
479 698
108 985
642 846
748 876
196 858
98 691
432 577
597 769
82 533
18 993
621 875
50 814
231 372
344 386
466 882
322 450
645 697
175 483
229 944
204 878
234 435
115 510
353 728
341 521
751 861
195 490
316 433
150 597
97 725
73 918
473 751
245 941
375 376
135 275
29 443
76 352
76 507
143 745
13 673
526 748
183 728
575 996
128 216
562 993
575 596
186 482
165 843
22 366
883 934
203 868
121 762
438 721
277 978
143 580
357 763
488 782
121 399
250 484
383 486
172 457
263 441
563 682
6 83
934 957
196 946
441 610
286 808
112 344
140 195
361 507
391 814
702 931
961 969
319 792
392 600
164 499
158 743
299 748
202 691
122 392
517 930
213 767
554 637
287 370
387 739
96 505
443 678
272 360
137 461
74 959
171 191
690 789
578 919
682 963
510 771
160 749
397 647
107 496
444 477
82 162
696 721
13 165
845 903
153 936
54 813
97 696
153 986
110 656
644 940
148 688
695 933
543 948
414 900
578 634
124 769
511 796
845 887
668 977
21 483
84 675
716 837
139 595
567 847
43 286
85 312
853 909
621 989
433 984
34 209
270 769
436 806
708 945
614 621
504 990
230 357
218 940
125 262
292 669
208 951
199 666
207 542
102 828
355 451
349 850
10 313
220 759
301 337
511 936
455 917
152 358
47 660
349 526
639 832
394 852
459 979
181 419
404 908
234 237
901 903
355 840
483 779
210 813
30 236
381 690
264 398
177 856
7 431
787 795
370 519
666 756
50 480
446 454
367 788
433 709
218 302
14 614
467 593
415 750
278 808
286 885
120 784
88 141
413 874
898 946
835 903
512 815
118 872
344 412
525 641
42 910
427 624
410 998
105 798
162 928
14 232
319 756
373 707
207 747
65 884
260 656
468 827
161 327
628 931
103 737
763 839
337 352
1 131
535 632
385 781
401 681
217 588
656 707
345 405
527 778
13 724
426 606
397 723
497 671
553 965
371 824
723 755
371 536
184 898
523 892
515 938
314 803
441 627
229 880
247 600
434 993
412 524
612 990
450 673
312 620
95 743
276 654
774 877
395 977
437 797
634 760
805 890
72 990
400 855
242 625
399 764
100 472
142 687
158 691
343 746
26 130
252 287
369 901
435 451
66 867
542 702
515 527
137 676
544 906
154 216
620 682
428 756
173 247
852 953
75 219
642 690
200 846
313 729
752 877
147 482
667 796
98 386
655 815
631 827
174 248
561 980
77 481
169 726
150 249
274 412
757 943
547 591
524 946
37 225
305 711
330 356
6 917
180 851
430 500
49 219
262 364
173 313
192 717
711 815
553 593
908 991
315 647
22 420
278 336
2 130
206 668
183 334
58 290
33 151
76 128
197 507
262 945
709 794
130 895
502 581
751 974
127 290
23 274
223 743
85 956
95 616
242 482
508 636
278 350
57 416
72 342
297 700
473 603
57 201
134 628
230 661
152 730
114 981
286 659
817 882
28 542
146 581
507 589
67 346
421 819
710 900
352 882
519 994
253 623
808 845
23 923
519 564
136 265
53 653
332 485
755 922
628 854
63 745
63 544
303 634
407 673
305 868
239 946
115 850
17 745
32 907
26 176
109 322
78 672
732 923
67 460
64 386
864 865
82 446
138 286
421 768
34 364
701 705
165 315
299 945
230 550
262 271
385 905
103 648
402 870
233 799
130 751
539 716
648 804
178 969
237 658
541 786
220 412
559 685
84 432
319 614
178 987
569 972
251 903
9 536
681 817
22 588
68 801
408 611
69 909
23 593
197 362
60 141
618 787
614 691
48 830
454 846
41 296
239 515
183 742
284 722
182 964
863 994
55 618
574 780
275 548
74 496
363 780
397 946
158 372
70 830
640 699
13 289
445 461
197 457
147 778
39 972
454 669
66 858
137 520
753 808
696 994
481 852
155 405
458 519
299 707
200 823
159 700
246 338
3 665
168 240
146 514
524 601
164 357
8 642
519 857
121 504
42 426
136 779
16 896
267 744
90 931
125 232
149 439
676 801
785 821
61 765
109 495
229 391
182 379
191 382
9 217
304 931
463 553
503 983
345 699
243 704
536 739
922 937
195 805
32 860
11 570
331 973
648 739
178 713
256 919
309 413
501 754
416 606
804 956
623 736
385 964
894 938
516 681
73 786
49 838
8 766
325 838
31 72
987 999
30 455
45 256
232 935
35 948
480 526
151 245
18 911
15 961
192 581
446 865
208 240
566 568
140 225
8 655
344 724
355 397
58 932
530 723
466 830
339 720
58 673
21 225
574 840
851 913
578 957
403 696
279 571
559 809
976 984
423 825
435 850
236 982
760 903
667 857
11 526
122 186
101 542
631 717
8 153
141 696
243 993
178 470
401 430
226 285
86 765
157 392
190 256
268 334
131 338
128 665
45 955
3 744
167 714
380 547
565 640
42 466
47 637
95 134
260 591
283 389
201 816
520 866
178 749
17 42
19 907
159 328
74 505
109 159
508 892
340 927
36 241
117 259
13 291
315 737
372 775
42 84
194 573
890 907
395 540
92 681
987 991
232 253
58 135
656 659
374 990
359 398
187 642
736 757
241 278
456 811
653 767
171 363
307 580
125 682
90 169
746 891
269 922
367 804
169 998
340 880
705 905
315 458
433 608
313 595
19 693
70 944
508 654
140 143
501 628
163 236
468 782
158 208
110 884
66 340
568 698
406 462
275 839
324 775
82 891
539 639
145 758
235 264
600 632
426 675
66 995
302 399
342 720
396 967
371 631
869 871
527 917
242 594
142 897
314 893
338 539
570 978
347 959
754 864
803 874
23 386
35 407
40 491
239 801
248 467
93 929
693 719
99 741
171 214
780 956
427 830
231 956
105 847
96 219
286 664
466 844
567 822
144 570
287 913
413 631
569 779
75 705
528 933
172 572
23 73
73 456
325 685
647 872
125 641
153 660
778 818
743 771
679 789
9 793
478 805
390 857
292 866
69 714
211 491
254 535
357 902
257 458
477 554
33 656
395 627
81 453
73 675
667 991
295 350
69 142
370 746
295 704
457 688
761 788
566 865
116 668
139 829
259 486
82 928
70 715
85 276
165 526
162 770
349 805
14 474
195 838
668 870
51 802
614 681
978 990
288 373
889 942
26 106
172 632
52 578
355 602
228 888
545 723
68 937
207 491
415 834
112 438
232 841
146 404
327 958
249 869
401 687
398 819
31 319
14 255
404 857
266 273
366 940
675 759
190 319
439 733
408 461
260 969
83 857
172 850
639 837
310 955
440 660
82 338
190 715
123 579
233 729
91 962
175 461
253 296
34 639
24 620
48 929
767 959
392 645
171 212
312 608
227 633
50 720
235 868
778 991
892 958
686 793
385 827
560 943
380 781
536 878
650 725
167 720
146 739
465 491
64 875
509 845
209 336
88 772
554 562
725 879
799 853
491 754
256 656
91 894
396 605
664 676
82 724
49 557
27 708
107 867
17 163
364 838
252 895
821 997
148 351
810 943
23 209
487 892
78 161
56 797
467 525
336 404
152 420
314 508
614 884
161 891
320 467
210 369
807 874
831 950
526 951
79 176
30 872
717 974
136 331
739 825
581 663
199 397
648 843
187 388
174 672
37 587
457 827
381 968
226 346
608 856
51 779
387 774
496 559
6 254
91 961
224 351
237 335
49 900
116 447
833 860
335 414
213 592
232 310
54 648
343 718
278 610
12 685
211 305
4 647
53 722
243 656
308 724
269 738
319 360
397 843
289 331
448 953
615 703
169 668
99 272
470 587
689 837
611 773
290 793
288 803
40 587
158 300
335 673
389 794
259 288
680 897
487 855
444 566
832 852
215 785
663 801
77 351
68 460
132 151
146 789
639 758
144 877
761 826
28 208
825 840
286 392
841 887
404 856
569 623
309 674
84 471
554 783
538 831
147 500
375 943
177 605
252 602
424 910
304 828
588 625
1 891
335 702
550 914
68 684
323 547
131 795
48 858
146 989
91 114
242 666
529 634
800 840
95 609
329 602
195 605
300 471
31 657
513 521
766 965
42 640
313 538
452 705
633 832
481 880
890 995
173 522
353 739
98 463
348 496
27 773
266 768
48 424
40 220
664 773
221 305
177 983
335 678
406 785
218 650
323 419
224 720
383 434
661 753
31 283
7 221
259 291
610 703
673 962
720 766
216 938
419 579
31 523
261 394
171 560
575 864
351 839
129 474
26 249
527 597
916 946
125 375
286 691
854 950
286 482
136 795
419 856
195 795
465 952
91 674
180 486
366 824
277 496
425 831
284 620
501 850
411 582
78 987
156 207
174 392
19 830
94 989
313 714
694 798
57 962
521 554
241 578
284 597
57 993
286 848
380 746
408 711
731 994
402 583
205 328
102 808
1 180
194 852
651 672
289 418
236 544
38 184
257 455
207 681
260 460
734 736
403 444
158 528
606 796
476 622
220 323
91 780
95 461
328 492
296 484
490 690
227 871
69 492
460 483
226 265
37 716
427 588
372 441
455 965
61 887
358 952
85 621
613 676
531 715
347 642
483 730
287 423
750 981
595 679
689 855
152 658
186 521
55 402
355 896
391 467
354 915
685 756
126 734
613 770
133 225
111 114
124 176
328 715
631 929
562 589
384 699
37 203
79 590
352 549
330 902
126 362
282 703
231 995
253 712
8 522
112 260
34 418
555 564
290 918
427 636
295 419
565 769
459 615
69 143
440 511
342 639
65 698
208 994
710 936
58 783
369 739
176 519
613 711
726 811
282 724
520 923
378 406
228 484
190 847
367 471
257 847
1 956
68 762
266 951
676 693
710 786
401 782
238 681
583 596
66 542
302 623
376 713
65 810
148 668
149 389
478 754
122 420
290 519
93 427
613 902
859 892
201 922
140 368
174 652
301 742
753 822
515 625
29 551
238 944
552 885
761 912
351 918
340 797
159 212
428 924
190 575
409 423
204 901
674 851
482 902
38 595
12 853
277 404
247 346
774 776
514 713
453 558
127 319
786 882
756 775
328 501
505 838
450 563
379 981
35 714
400 948
436 659
648 949
39 306
711 972
376 942
234 440
849 859
116 600
91 819
158 794
336 416
105 596
155 450
202 631
4 259
481 798
395 676
100 527
818 892
109 603
285 807
533 638
254 543
920 957
544 949
289 908
306 462
255 757
328 495
514 929
669 789
25 177
95 689
9 520
308 798
719 909
488 924
58 509
85 818
698 855
20 515
381 916
210 858
142 659
37 346
256 795
109 474
578 835
214 702
424 623
390 679
15 988
486 911
902 935
392 659
523 694
125 796
957 993
2 347
61 797
149 383
56 894
693 878
501 822
471 618
94 142
477 880
110 668
357 524
677 921
240 850
459 542
26 496
316 706
545 958
487 968
28 218
389 620
308 763
351 684
34 529
134 370
38 802
18 914
468 906
245 936
138 635
225 881
112 886
458 486
109 320
99 307
23 198
422 998
145 253
200 228
219 886
216 994
579 897
424 720
745 795
201 667
258 342
290 966
758 790
39 615
198 320
430 896
388 955
210 812
237 995
24 610
189 939
57 802
178 986
857 945
225 432
38 446
268 827
507 648
26 506
508 877
317 526
272 570
597 670
730 983
88 602
21 680
344 741
745 780
127 437
47 833
567 907
250 525
362 606
306 893
612 884
388 665
698 960
592 679
327 511
530 546
166 202
654 961
446 525
127 403
178 858
73 857
312 861
123 994
699 770
366 808
38 226
30 379
13 603
255 830
634 781
176 707
480 578
215 331
799 846
283 816
186 433
284 864
373 427
693 934
95 639
555 933
538 771
837 891
754 816
396 830
749 918
371 420
195 692
402 492
121 561
107 392
705 957
58 382
35 429
59 712
139 312
163 382
433 736
573 935
674 995
652 840
227 436
127 526
161 699
206 701
518 624
130 757
493 813
304 356
393 618
839 924
691 952
113 399
613 927
535 963
90 915
299 931
181 376
362 482
267 568
907 923
790 839
21 412
188 383
170 823
571 932
523 742
115 577
375 858
145 148
162 855
106 801
320 392
239 397
648 749
298 354
802 948
540 672
41 654
115 954
632 921
234 954
325 758
346 405
75 824
394 940
135 536
426 812
588 970
42 850
45 266
513 745
543 936
81 113
360 796
228 482
229 487
98 929
136 820
565 855
164 944
263 486
302 822
27 599
70 643
545 617
108 422
315 905
375 606
20 102
387 675
792 948
803 885
379 533
154 777
426 691
625 992
383 972
808 911
260 899
61 918
330 353
390 803
833 969
667 940
404 753
267 587
390 704
328 544
102 324
486 754
152 794
11 358
261 393
15 972
64 550
355 995
514 868
275 354
355 595
901 994
211 932
342 810
32 360
294 556
212 625
483 822
103 596
575 924
56 782
187 459
471 985
59 945
394 476
367 985
432 872
250 321
654 964
111 661
194 746
21 374
352 750
285 451
5 852
39 287
148 637
104 497
123 712
114 192
130 318
363 701
481 703
157 393
290 513
169 543
761 975
40 429
86 779
385 943
39 549
538 819
509 551
23 924
142 451
870 944
461 643
301 302
195 737
250 359
397 762
1 460
511 709
671 787
148 918
842 903
296 990
279 639
214 750
562 692
79 188
756 757
244 964
611 648
345 660
131 500
705 783
223 265
75 907
42 856
199 922
420 452
94 903
608 692
551 568
471 564
692 902
79 959
11 971
700 839
251 995
246 908
589 670
362 512
293 987
165 731
343 509
504 695
231 328
354 479
275 795
132 705
7 907
59 670
457 975
576 941
382 937
23 127
310 914
44 319
307 515
875 966
33 772
798 844
275 955
367 467
84 574
94 155
65 464
145 179
227 969
389 564
370 703
439 842
461 858
171 221
172 336
29 787
750 965
84 724
16 437
528 778
75 841
110 438
175 757
295 953
111 994
592 705
647 901
133 759
290 378
122 955
532 890
597 996
158 343
32 956
335 527
193 746
293 767
306 391
34 767
691 924
373 799
56 628
429 542
202 816
746 838
470 760
247 592
61 564
447 827
277 887
516 761
148 966
651 847
352 998
287 717
556 668
711 889
109 829
44 711
629 752
114 453
141 203
409 807
485 573
94 235
391 609
758 946
160 734
344 477
877 969
679 915
772 791
807 972
176 395
231 268
530 862
315 986
101 502
286 918
154 568
387 765
877 977
547 792
334 699
6 806
381 831
158 655
876 932
329 958
279 503
335 660
424 722
144 521
243 634
708 929
459 679
705 707
283 484
1 562
449 525
59 378
351 810
173 918
62 759
90 800
162 293
558 658
565 865
180 537
210 516
86 453
171 339
252 717
79 390
305 642
44 800
213 641
453 642
519 524
179 973
24 515
283 883
82 245
279 436
113 596
405 989
376 743
7 728
363 507
112 267
34 214
201 257
657 748
218 887
683 793
306 734
85 289
436 739
135 543
410 750
280 797
828 987
151 626
677 715
479 869
222 379
20 391
28 294
62 559
84 882
39 341
520 889
351 374
460 972
400 411
159 455
96 349
269 338
533 563
72 680
80 744
449 478
772 796
272 351
380 839
305 838
313 620
411 463
468 636
108 340
225 383
712 913
358 724
13 837
881 889
134 774
160 677
398 641
59 184
153 636
633 870
802 930
367 849
377 543
200 304
598 772
772 847
255 978
318 683
7 84
31 365
551 948
461 870
760 987
402 975
762 980
9 637
421 552
257 694
158 328
8 73
832 972
305 306
815 930
73 621
298 748
407 864
308 460
403 736
452 936
562 749
732 797
173 927
547 725
629 756
571 895
178 333
250 728
174 812
608 658
665 989
799 906
566 620
423 924
317 790
684 691
455 910
140 656
283 708
257 528
149 605
479 658
163 611
450 829
152 865
9 232
71 988
207 777
499 523
84 448
526 701
463 688
247 605
198 984
194 408
952 966
101 655
600 965
609 657
1 581
593 735
324 552
320 758
29 392
301 677
252 456
81 396
40 530
224 357
702 775
509 710
585 590
103 441
349 527
128 985
537 889
171 731
65 825
332 742
346 646
65 386
259 592
99 521
119 325
773 841
617 620
282 826
553 877
136 923
610 621
99 634
198 421
66 998
377 648
478 786
584 782
655 985
923 950
706 838
406 744
478 915
280 618
223 496
73 678
350 793
236 410
614 634
235 946
463 823
59 329
298 331
53 309
8 918
451 729
151 749
568 990
346 375
706 957
248 631
62 488
176 343
268 351
543 612
198 375
15 700
378 899
182 653
279 709
657 714
442 924
422 607
160 560
532 550
93 828
225 871
583 845
705 892
360 477
65 573
639 802
336 843
205 969
478 760
451 988
23 708
104 107
390 566
120 758
228 426
482 769
179 390
20 151
17 457
225 950
183 382
237 385
97 102
329 422
56 824
114 983
607 839
51 631
31 367
696 766
550 749
6 409
294 893
119 641
164 770
89 606
184 312
357 781
6 975
193 675
511 980
534 997
722 923
53 885
793 961
289 800
716 851
110 260
615 907
63 292
216 235
27 620
721 954
292 909
679 741
607 963
628 860
116 384
253 890
497 823
362 753
261 301
738 958
589 664
322 511
618 690
526 657
173 293
269 768
13 194
462 634
457 635
438 540
427 521
217 228
58 300
480 778
133 740
73 539
537 857
314 759
455 704
188 788
78 700
568 634
322 422
601 678
172 682
246 506
322 684
230 510
21 751
34 613
262 939
174 752
431 874
418 457
69 562
168 200
55 341
152 325
670 912
408 518
539 926
363 925
122 875
118 791
120 347
464 969
145 770
17 924
106 585
568 997
110 531
611 968
589 728
167 692
72 610
221 458
760 964
323 434
111 315
720 794
167 370
481 976
609 957
231 410
500 942
211 941
616 672
186 333
101 629
377 654
467 727
415 456
34 578
156 857
428 559
276 537
66 196
313 931
105 600
261 374
662 674
229 632
220 565
196 813
395 968
512 941
129 393
421 880
215 382
259 306
22 721
324 786
162 847
128 709
583 912
674 860
150 354
167 668
695 967
772 944
97 815
86 893
589 749
439 711
123 618
36 192
85 850
349 389
257 398
696 808
263 796
197 397
855 873
281 594
251 871
608 992
34 392
596 890
242 469
222 484
545 816
10 224
14 974
470 730
403 734
77 378
805 965
63 770
183 642
738 861
33 304
147 724
193 531
313 389
93 969
269 758
179 874
84 808
748 884
9 410
240 914
210 733
529 549
239 506
442 676
243 593
803 963
359 858
304 843
469 591
262 876
602 638
202 471
299 367
257 947
301 537
365 857
213 860
166 624
139 700
400 635
773 852
597 923
809 991
89 347
1 889
667 899
720 973
428 514
74 644
234 905
335 990
161 981
438 612
266 462
572 955
28 272
187 277
326 769
514 566
251 483
683 802
186 831
490 903
25 904
257 384
212 564
110 824
643 758
427 835
412 992
679 733
539 782
155 885
799 876
229 475
235 639
356 976
225 619
182 353
118 265
64 150
479 662
277 630
287 888
68 218
1 17
30 252
449 745
196 934
664 844
163 210
198 903
366 723
19 482
186 563
513 895
305 368
417 911
5 885
544 909
185 927
827 880
17 74
231 787
43 471
510 930
248 405
151 333
230 630
297 854
538 839
896 952
560 847
310 976
318 748
499 831
129 748
145 439
303 631
395 572
77 954
509 935
674 698
39 370
506 686
442 794
310 342
290 541
195 581
164 332
79 144
307 716
48 715
250 915
565 972
224 247
331 746
465 515
161 863
239 961
633 858
371 460
420 569
803 832
156 717
32 908
21 212
290 864
246 928
133 659
620 799
636 759
494 678
154 662
494 694
381 923
394 572
824 985
418 611
202 752
364 849
511 613
319 577
394 689
550 575
599 991
662 907
502 907
64 148
323 456
757 926
197 571
728 812
391 683
579 910
55 64
386 574
552 880
39 769
71 543
212 304
729 901
130 182
497 866
99 542
390 973
109 318
297 439
787 788
219 892
174 957
650 953
560 992
862 890
147 370
632 688
51 670
139 796
431 657
488 991
373 458
300 893
91 727
160 239
166 492
899 915
478 479
45 319
346 841
159 293
621 962
691 926
72 467
39 464
119 787
745 909
468 857
377 593
109 608
264 969
85 702
523 818
843 976
635 934
209 353
639 854
364 675
430 697
238 942
483 561
745 859
86 264
181 689
495 866
586 825
340 607
817 861
80 743
62 164
220 680
523 772
81 858
513 784
158 332
807 859
162 848
126 371
152 978
63 356
311 682
353 779
122 927
459 666
627 862
128 937
898 943
97 187
493 657
776 995
672 884
205 905
315 721
58 527
14 844
152 717
459 763
447 761
534 958
21 51
189 294
68 109
347 870
132 711
800 806
225 382
497 987
203 833
545 894
32 650
426 439
39 61
172 524
258 637
424 810
344 354
592 928
334 710
838 859
361 711
270 505
982 993
520 749
498 668
520 590
466 604
324 983
113 374
154 606
16 471
241 447
308 417
139 961
551 612
828 911
280 835
368 586
557 988
391 527
264 303
170 475
305 784
472 766
103 417
808 992
540 958
721 735
199 363
209 701
779 936
56 938
265 540
701 925
273 399
127 498
6 986
144 679
98 669
