1000 10000
469 72
749 2
804 886
280 74
504 968
79 912
553 542
795 757
381 878
216 767
557 513
298 499
864 549
245 467
817 717
499 979
984 440
889 662
846 207
611 609
844 684
154 440
391 322
580 781
346 781
853 813
92 956
785 144
962 724
881 696
234 40
795 509
255 343
486 443
283 841
619 80
274 879
730 657
876 724
935 82
990 27
493 279
987 954
567 415
207 161
922 124
141 670
151 922
540 264
262 768
543 787
310 462
53 276
519 506
565 866
46 927
199 121
28 712
286 564
289 782
81 17
883 967
544 672
991 209
525 97
284 224
21 958
569 165
824 585
889 800
162 35
356 747
867 100
580 125
92 779
347 301
395 875
156 390
42 875
336 252
253 731
721 809
505 668
179 768
860 474
580 365
682 241
169 892
988 685
374 489
237 814
807 740
626 450
502 691
115 13
807 968
301 264
501 589
735 879
669 354
503 733
623 341
611 37
817 256
750 613
361 648
785 380
146 72
41 412
103 236
52 871
150 747
156 644
312 443
951 546
726 608
306 95
464 93
503 712
66 822
29 646
531 798
498 618
583 47
803 907
693 865
567 262
474 247
188 475
530 406
735 635
986 794
705 793
501 993
819 918
261 358
94 325
838 61
461 292
601 942
138 606
944 119
137 792
52 832
496 238
857 604
615 53
51 797
677 747
385 341
840 28
137 160
889 116
847 895
391 121
596 264
759 17
992 283
894 829
832 166
232 445
286 33
828 925
111 308
222 681
804 769
775 708
986 172
447 741
973 805
294 547
930 111
577 749
736 402
570 573
164 644
300 329
128 309
878 851
208 424
959 858
34 281
244 345
762 65
84 462
421 630
237 319
450 460
828 176
932 271
882 171
468 933
305 5
208 766
609 486
194 34
605 288
311 450
994 523
377 252
229 401
771 600
499 958
301 124
30 608
881 266
554 189
31 478
828 813
218 484
450 197
759 817
66 842
944 780
898 924
968 235
519 751
45 446
873 589
567 986
177 132
897 408
398 383
881 177
71 534
643 564
864 178
677 236
142 795
873 677
643 619
605 370
494 258
225 853
599 370
631 405
286 197
183 155
463 305
825 422
615 148
521 340
920 243
994 296
518 669
245 500
116 87
59 149
18 746
130 966
477 724
873 45
395 901
112 582
413 925
823 853
372 218
31 752
122 728
805 74
162 639
346 609
374 67
372 80
316 327
229 982
764 526
84 250
586 79
665 117
646 663
965 348
871 685
726 40
840 835
104 832
561 989
485 768
876 435
192 488
268 813
610 152
714 412
31 185
423 934
823 180
570 516
991 641
324 540
400 334
442 412
170 677
525 112
598 777
988 896
127 447
553 947
716 484
626 333
555 271
864 766
351 304
503 384
636 867
807 878
594 453
278 406
480 707
71 986
709 765
703 826
428 865
414 545
808 332
265 183
71 120
899 376
318 798
496 968
265 349
198 430
476 849
85 229
75 303
783 901
254 239
24 107
705 40
594 420
275 797
374 38
315 855
444 307
64 406
357 851
265 152
994 249
71 170
732 364
559 221
368 823
208 727
987 14
454 940
424 290
552 73
871 221
589 330
392 884
105 864
864 91
218 876
295 449
216 983
177 647
300 542
153 322
769 168
659 49
704 75
208 471
660 603
218 124
392 586
988 888
886 271
622 47
175 653
403 112
383 354
559 390
643 957
833 14
218 322
321 589
173 635
219 314
140 622
854 124
577 585
317 78
959 928
817 878
216 175
216 788
305 995
1000 962
576 448
142 920
601 480
803 228
637 750
691 366
231 95
709 997
820 630
136 367
598 60
477 151
176 116
255 120
737 38
936 145
372 942
818 263
94 367
179 243
852 655
659 760
598 228
599 421
645 495
824 262
977 512
542 122
945 862
716 131
768 440
626 820
550 460
261 573
159 468
560 755
557 502
331 416
424 209
776 325
991 357
996 345
703 461
645 43
761 778
185 481
142 701
729 632
134 538
271 851
130 855
373 190
855 152
355 228
980 79
577 51
646 390
718 37
384 845
447 775
965 380
99 415
649 132
742 506
109 160
620 612
767 132
690 931
637 891
287 346
463 999
620 340
488 80
944 360
524 380
104 547
356 80
850 307
776 680
780 435
926 958
487 971
172 460
665 258
915 600
274 257
438 644
123 912
162 326
96 774
764 626
762 364
579 929
347 523
295 690
552 271
383 89
395 211
570 190
75 441
636 22
782 415
810 751
742 40
90 411
358 799
662 480
948 954
965 669
649 512
300 504
444 704
945 612
483 161
830 651
817 776
405 314
566 579
76 506
570 981
225 124
807 646
53 647
277 168
129 866
451 477
692 12
372 699
669 880
10 468
453 509
737 777
645 548
761 827
947 506
483 553
413 664
4 364
908 362
257 223
975 752
778 771
876 330
102 751
466 966
821 799
638 19
557 673
565 465
165 768
500 313
397 502
396 977
669 5
640 439
978 508
892 314
156 904
428 356
265 464
674 251
212 509
810 969
319 151
696 965
595 393
292 644
533 390
846 502
48 233
73 700
596 875
626 313
689 204
250 931
287 150
90 550
437 929
180 297
823 482
573 197
503 5
159 896
114 902
525 954
745 190
907 422
631 350
337 925
844 61
14 934
230 386
90 193
496 370
587 606
237 214
945 655
730 516
432 86
164 706
279 350
570 235
559 277
664 751
910 348
953 404
377 263
481 717
201 144
6 423
783 91
893 792
726 977
298 901
237 715
135 892
251 102
882 562
616 247
495 321
513 833
356 370
638 611
262 36
596 189
353 712
103 539
280 593
488 685
540 870
959 617
487 462
95 327
952 183
42 143
187 787
532 56
57 225
250 895
358 130
522 693
869 622
651 572
470 152
587 943
138 220
116 276
650 851
597 883
843 646
25 880
559 36
535 575
729 764
295 973
371 892
144 119
62 678
975 969
70 911
478 263
185 233
588 464
244 722
812 539
176 542
733 510
987 50
358 144
824 796
410 648
577 264
554 942
628 441
289 181
932 629
233 292
77 853
580 776
524 784
661 743
171 621
705 965
267 827
377 537
209 410
636 443
819 252
300 279
810 157
505 691
25 486
37 239
458 79
437 115
126 526
114 873
504 493
225 604
630 879
465 875
463 532
425 4
687 535
331 338
867 301
940 309
433 667
83 753
721 165
127 853
786 462
510 950
718 234
734 270
109 340
487 138
620 903
824 759
410 1
285 842
846 238
813 271
538 602
608 65
269 983
812 391
44 233
45 23
668 591
20 243
398 763
254 590
814 607
369 288
139 630
75 777
674 76
869 409
488 952
939 329
151 688
463 968
468 815
261 60
521 393
939 302
988 243
946 345
587 355
274 893
466 306
384 794
745 768
382 296
723 819
805 954
968 668
344 603
879 728
856 373
624 271
351 700
458 111
971 19
63 498
833 800
1 569
661 20
764 914
228 253
961 732
156 105
843 166
272 170
153 126
16 754
575 506
529 143
558 357
76 364
628 781
941 340
46 976
659 653
387 742
970 862
427 717
254 53
652 453
673 464
140 951
392 758
796 950
485 648
294 243
104 416
231 997
544 100
404 814
954 780
669 389
225 506
831 985
298 415
552 670
212 882
932 304
967 152
980 296
855 235
568 953
44 34
100 401
58 328
820 350
168 623
148 971
335 797
946 644
937 419
786 666
111 500
745 584
973 64
810 284
124 131
969 958
126 897
723 115
836 151
313 40
907 14
19 548
12 808
504 88
785 813
811 426
714 337
336 356
20 429
522 117
697 15
438 834
710 402
143 951
254 181
987 475
294 717
84 534
663 511
73 655
298 873
16 581
317 278
655 256
71 112
911 519
129 712
438 271
519 862
466 818
237 229
926 805
556 103
745 543
821 464
437 798
99 5
148 231
175 95
709 236
730 670
563 701
811 263
237 725
260 549
928 982
231 422
439 967
104 245
577 828
611 106
556 165
738 4
518 937
68 400
941 967
569 805
255 441
20 386
737 13
196 796
465 668
49 672
637 132
877 798
955 960
445 32
71 877
307 780
473 902
417 443
698 623
474 739
394 264
17 858
499 131
354 680
698 116
671 456
54 914
916 570
461 168
234 670
850 374
627 178
50 258
519 958
194 176
964 903
873 471
425 17
761 387
986 286
595 954
42 543
988 622
956 715
991 519
886 94
805 258
917 512
930 903
601 555
263 486
331 857
211 585
438 105
109 108
992 841
659 759
778 758
268 956
501 500
483 186
20 679
834 486
781 547
992 536
717 934
159 35
272 208
137 833
860 928
153 904
212 791
387 357
939 266
65 304
73 600
448 362
416 542
668 582
542 252
745 637
640 112
825 54
367 982
449 238
78 624
596 766
89 362
597 30
284 145
391 801
329 614
113 876
536 948
683 161
185 688
267 553
683 402
100 314
133 430
382 772
861 907
719 314
445 297
339 361
648 197
463 381
62 954
101 736
833 67
713 645
757 929
371 441
980 700
153 80
60 870
989 792
665 187
539 542
897 485
568 816
529 566
482 555
524 578
148 85
669 740
542 436
950 547
451 822
757 822
895 974
21 726
936 472
671 257
831 746
609 328
173 955
930 72
671 695
636 956
759 580
723 328
140 589
383 499
823 532
869 736
9 379
42 666
597 866
254 357
710 59
706 928
862 983
352 429
695 310
815 314
109 731
498 608
946 442
289 593
521 652
696 319
66 789
64 573
458 410
881 306
738 190
1000 199
692 217
431 569
852 539
145 8
384 878
538 80
559 501
315 746
334 647
36 360
280 790
371 525
827 357
583 251
289 609
532 348
391 66
665 879
656 769
852 834
96 793
564 207
806 652
437 623
529 528
492 167
123 858
100 558
267 23
272 242
961 560
633 362
916 924
916 954
508 792
895 623
614 647
329 931
597 386
298 945
466 42
84 978
104 392
797 67
920 335
881 329
605 238
821 319
953 35
682 594
999 89
606 454
939 595
990 876
40 613
442 362
272 333
431 625
975 111
593 122
264 26
557 399
781 259
342 832
51 649
466 915
744 837
538 600
42 200
438 33
267 589
841 40
811 635
488 375
597 320
611 69
272 64
415 471
732 808
1000 947
285 352
146 758
279 303
659 877
82 691
284 96
859 570
708 680
18 9
729 458
294 948
471 341
869 287
629 751
419 664
640 650
222 223
973 929
524 900
358 354
807 109
671 378
480 715
513 271
496 90
700 87
137 211
537 292
372 945
123 571
70 477
908 253
81 627
487 65
991 553
339 949
873 950
788 338
976 588
157 613
858 585
553 326
39 520
218 59
20 974
207 190
296 929
37 5
50 257
964 850
963 721
625 307
213 858
16 147
875 900
812 12
502 648
838 69
561 247
778 384
662 717
109 100
814 851
986 326
898 684
821 808
95 601
270 147
261 251
231 100
270 634
424 467
816 925
774 623
779 663
9 248
52 953
824 761
336 117
938 523
733 742
427 486
163 791
991 592
795 391
58 101
294 790
719 430
750 549
416 545
693 356
963 32
991 903
25 726
325 108
434 220
699 43
824 230
267 460
4 787
322 849
268 370
263 775
305 416
444 482
514 411
586 334
806 46
219 342
812 173
397 394
678 187
654 521
236 657
532 962
324 402
359 616
501 731
201 585
618 896
994 19
459 48
620 45
915 340
388 790
461 919
865 511
978 518
16 589
275 925
618 196
552 182
854 771
126 530
336 560
697 891
157 895
989 341
9 579
516 979
349 833
936 933
245 685
5 928
254 109
151 624
83 182
503 461
424 952
412 794
526 851
727 181
462 131
76 516
593 872
154 349
1 805
170 380
202 5
694 572
571 979
496 813
374 917
217 100
300 257
891 644
53 900
839 297
734 506
615 905
83 189
444 160
421 402
611 789
714 902
953 544
346 545
803 501
974 357
184 498
453 974
569 252
55 39
541 220
294 967
817 623
626 817
164 499
77 613
52 435
615 239
211 934
381 317
169 459
331 514
810 809
128 882
978 629
693 710
926 830
427 644
239 314
331 244
588 780
582 672
522 916
606 980
820 13
923 510
749 486
650 745
32 913
854 925
137 968
522 33
876 763
750 929
633 430
69 14
583 700
908 137
352 269
544 460
897 844
817 662
840 906
643 717
397 797
914 777
818 863
446 666
363 556
353 116
469 768
209 739
514 762
277 85
368 670
458 936
808 279
901 328
705 179
11 594
543 243
719 109
383 392
536 408
24 819
11 411
607 776
505 730
811 997
468 912
612 878
646 166
60 475
928 509
392 852
201 777
78 681
999 929
633 830
59 163
991 925
932 292
961 238
933 253
98 54
992 652
674 20
457 956
48 968
857 84
970 288
50 755
985 632
750 178
621 119
785 934
708 243
51 357
6 600
262 974
932 502
129 594
177 309
476 373
433 931
910 380
336 119
230 435
839 804
869 383
610 592
659 458
226 732
839 751
228 726
986 627
691 740
81 897
746 479
96 337
11 947
160 281
162 582
686 711
431 86
741 904
394 715
598 363
396 511
528 253
678 590
689 404
607 346
285 596
834 77
254 390
368 409
104 915
649 688
769 544
693 279
100 332
44 511
546 181
335 885
220 400
528 965
840 443
19 166
861 954
280 23
425 844
806 971
438 72
752 644
559 674
898 725
455 928
217 260
426 733
307 316
325 644
382 9
58 871
543 399
514 619
628 132
559 287
229 26
596 740
425 656
762 717
952 931
670 679
409 651
748 437
945 456
99 215
766 586
820 791
7 562
421 531
867 197
564 150
201 334
836 721
126 657
292 600
457 386
230 234
800 367
315 849
428 102
477 410
811 562
261 455
594 239
218 171
85 792
875 256
438 123
473 448
777 420
550 516
302 644
80 663
494 115
312 751
113 637
243 303
479 182
911 5
972 667
372 780
867 441
816 658
112 555
437 547
319 884
737 269
400 121
715 755
194 97
645 637
606 899
67 792
545 670
431 394
139 549
29 880
81 728
869 841
840 206
488 564
250 346
965 558
860 266
103 161
803 12
974 256
566 989
541 647
225 117
354 79
972 727
387 509
332 326
201 599
597 768
971 103
317 696
55 179
225 110
643 602
762 745
952 232
748 395
778 516
321 225
428 932
419 443
437 132
838 533
900 790
96 250
988 499
151 446
16 437
427 684
822 326
727 419
947 108
395 776
501 896
39 25
352 838
230 793
62 625
901 537
899 54
242 327
307 679
98 258
230 28
727 663
696 955
777 602
222 48
370 582
427 276
442 64
433 54
157 350
831 871
738 992
397 76
746 387
73 205
971 832
135 901
668 360
17 502
528 820
120 664
981 65
432 348
599 291
961 423
567 341
963 650
323 181
575 547
714 978
145 401
859 787
886 562
58 174
21 607
855 783
944 121
636 140
9 449
855 418
964 90
959 301
965 902
168 264
857 516
671 791
159 611
94 364
931 200
587 279
315 874
953 270
649 19
659 131
302 909
204 67
28 246
316 244
956 306
677 187
202 460
438 151
41 526
939 521
352 822
838 386
964 157
70 762
696 322
432 474
860 880
414 343
941 891
502 623
215 560
637 866
40 862
83 798
11 240
126 732
343 726
638 742
450 435
403 979
738 463
353 234
395 861
578 856
6 952
966 434
806 270
999 357
284 640
939 613
216 781
553 712
847 551
409 301
889 486
409 429
763 912
608 367
505 581
865 223
802 45
832 479
258 350
636 790
57 919
135 894
274 461
499 667
237 809
407 203
972 281
494 313
274 954
587 989
930 971
527 197
620 792
18 857
494 54
78 509
432 716
940 919
756 326
678 152
587 213
178 679
144 291
50 174
300 778
901 875
191 914
123 486
876 775
39 292
374 685
488 804
689 782
109 727
124 893
305 805
242 334
103 187
596 350
328 309
759 856
820 852
209 784
2 667
761 612
7 359
230 614
331 560
368 578
344 265
432 7
665 363
835 147
11 357
886 307
184 878
148 741
514 158
540 60
101 57
537 327
452 131
50 941
930 919
541 734
851 863
696 333
749 850
580 56
379 111
908 19
82 376
278 681
936 481
521 637
535 146
387 623
113 899
992 262
383 663
431 469
987 279
750 509
764 725
776 239
915 918
30 595
300 544
457 50
930 512
778 407
525 108
896 767
134 914
636 907
759 668
735 365
404 563
715 600
735 351
208 2
148 931
804 564
212 715
428 349
378 354
48 279
342 892
225 852
377 179
403 765
84 830
577 936
495 10
135 226
184 929
353 369
430 592
541 26
363 318
48 264
134 668
614 303
441 435
168 688
240 290
494 332
749 878
337 510
36 581
910 546
329 862
273 393
992 649
266 779
140 445
331 134
566 624
284 32
195 212
978 501
965 943
639 4
944 147
284 833
254 838
222 561
628 333
272 187
968 248
760 474
656 911
639 967
937 517
778 420
101 860
824 714
633 933
528 420
707 667
660 353
587 369
963 46
538 234
914 667
151 870
477 473
129 570
975 32
584 793
20 627
98 119
832 914
818 616
368 966
779 517
523 482
589 962
413 86
48 489
5 247
315 61
876 884
554 167
111 841
815 739
423 390
818 203
263 954
681 614
395 240
446 240
158 858
631 983
757 621
261 908
257 60
818 977
33 248
396 594
104 777
826 893
813 471
914 591
378 370
686 469
622 880
503 53
887 119
974 108
21 86
324 957
448 822
245 680
245 43
318 683
634 561
201 353
857 383
50 460
186 390
846 93
828 86
2 999
730 970
84 342
455 724
129 509
530 161
195 955
474 532
209 918
535 346
687 320
597 649
550 122
267 510
655 239
368 483
865 402
98 632
800 107
44 594
122 196
282 251
610 849
674 381
807 517
781 747
201 369
12 525
162 764
978 439
995 789
785 43
860 390
83 608
103 360
52 462
232 100
317 781
721 219
896 612
905 993
660 852
539 630
530 784
681 977
250 706
596 949
704 834
245 236
316 600
20 561
428 612
564 533
27 242
840 862
130 3
598 714
523 19
752 775
529 269
219 925
785 332
312 590
380 863
84 57
559 228
137 65
795 20
847 290
123 235
138 448
398 675
36 269
824 84
397 934
788 509
278 376
18 473
286 121
24 210
287 548
469 14
420 373
105 4
114 285
126 692
175 376
336 594
713 449
659 444
801 728
426 79
648 332
598 814
512 243
425 406
661 262
25 747
620 924
784 765
287 896
63 203
693 837
198 436
665 907
403 997
261 151
28 759
818 95
342 482
343 796
510 509
991 793
344 912
992 933
858 681
170 460
265 134
75 623
945 706
339 343
977 927
528 550
147 248
167 291
939 607
294 41
857 924
828 263
719 912
911 354
932 74
524 394
109 516
835 763
391 482
676 234
3 325
610 644
646 333
281 699
615 718
638 646
230 771
255 368
743 614
261 828
485 579
39 592
228 662
273 270
574 712
708 667
391 3
557 164
495 630
226 197
314 845
261 930
565 691
811 233
144 827
660 220
495 234
173 20
825 662
461 667
677 752
335 548
28 470
693 402
381 449
46 891
689 277
254 502
677 793
665 463
268 323
400 644
470 752
113 946
1000 131
162 259
988 450
834 259
339 79
478 137
104 59
978 180
63 523
704 527
30 931
46 566
300 205
432 358
257 334
680 422
54 663
598 908
321 34
470 364
533 510
880 548
83 211
356 276
137 888
421 796
970 982
315 587
507 949
610 909
484 777
184 578
660 416
193 50
976 243
503 307
71 86
363 316
273 668
615 635
265 998
939 450
448 314
14 796
436 888
163 411
465 405
553 435
619 74
143 543
764 490
733 667
384 649
75 309
114 213
135 209
380 8
518 227
735 871
631 612
873 239
932 507
831 465
214 997
494 998
831 466
906 13
134 833
673 838
558 290
34 630
212 354
146 174
198 865
419 251
568 222
869 559
574 593
955 885
208 390
277 707
139 804
494 265
173 621
557 473
428 787
786 364
100 647
599 809
690 949
249 537
70 640
988 96
528 260
456 685
157 509
244 102
696 215
50 875
218 634
268 790
21 713
438 235
920 622
529 367
381 578
937 29
732 649
463 93
738 354
293 366
814 591
399 833
11 642
421 150
268 760
881 76
633 141
81 374
559 459
457 328
661 722
916 491
522 400
611 546
779 304
316 576
99 174
714 715
257 19
328 354
996 911
705 51
254 963
298 263
985 233
848 937
676 919
447 950
837 269
491 898
495 932
383 215
764 473
177 862
587 976
317 243
464 757
472 256
356 561
972 1000
854 947
691 155
135 980
232 203
194 990
746 883
173 394
855 797
992 382
682 3
13 918
719 390
312 97
892 203
27 392
317 228
828 84
607 93
625 464
620 733
168 585
965 332
305 637
44 209
759 65
99 77
717 982
521 596
526 724
939 47
465 728
696 549
535 584
638 921
139 404
556 817
499 867
9 141
814 189
749 632
846 101
850 832
192 490
315 682
416 763
391 629
807 562
832 546
355 402
890 960
712 334
21 508
82 306
105 91
890 608
598 1000
373 827
703 203
49 337
962 546
854 55
559 10
795 758
859 891
980 3
41 940
689 843
423 919
342 26
221 622
908 509
285 477
978 325
13 362
995 791
744 898
46 231
454 80
487 813
853 510
890 876
33 906
187 412
806 663
615 742
879 408
439 941
603 454
777 680
164 798
774 853
11 717
936 474
602 863
967 763
134 64
387 793
438 803
311 856
109 51
66 357
670 119
682 691
222 43
224 241
870 121
723 965
806 262
222 441
212 204
17 709
690 906
726 624
533 706
543 612
890 819
765 791
34 364
903 708
897 56
834 110
335 736
662 838
224 408
891 345
990 105
986 87
876 165
698 950
12 106
720 37
201 760
387 676
484 243
531 766
765 8
42 350
198 931
714 666
136 573
162 26
133 547
789 121
999 675
628 126
575 170
116 309
439 624
195 823
976 977
575 588
83 320
825 828
407 664
996 252
861 108
719 448
455 941
566 256
782 204
87 517
518 125
860 592
831 121
733 131
369 401
930 88
814 490
61 562
27 50
828 605
702 444
659 813
85 624
151 253
812 517
702 363
16 378
231 771
700 780
255 882
434 236
525 402
633 220
302 131
687 1000
964 442
657 251
768 613
262 74
962 740
703 644
873 166
741 420
899 796
302 74
541 13
956 485
175 593
294 429
750 145
23 672
826 422
678 525
804 462
701 898
583 325
177 851
302 337
718 997
105 772
899 798
479 581
133 523
921 147
612 253
461 200
770 524
182 186
748 322
721 621
334 664
375 308
355 197
232 72
727 89
712 706
727 896
25 909
651 327
835 507
6 791
48 266
694 775
645 583
458 897
482 630
101 815
973 516
812 284
267 908
640 821
846 394
564 591
700 667
285 732
51 274
911 980
665 496
808 93
913 888
134 489
109 448
130 269
58 989
453 586
855 681
470 151
532 717
641 350
187 8
719 175
397 650
52 925
856 772
183 699
214 122
721 676
660 933
552 756
931 408
300 718
383 120
117 585
978 683
2 16
534 870
757 967
60 765
267 841
959 441
690 112
425 904
946 23
90 983
729 343
28 79
656 440
495 106
682 540
639 19
620 317
540 512
937 634
734 872
741 376
240 562
139 407
519 197
334 471
483 367
795 257
702 946
856 790
437 161
568 902
704 940
773 338
563 327
126 785
825 668
917 258
285 240
285 572
791 189
391 791
781 533
124 515
816 539
640 703
495 158
500 412
114 956
848 66
430 691
161 299
301 290
447 206
541 451
434 116
236 373
469 402
140 429
505 123
746 43
973 672
365 629
689 931
218 791
116 235
891 320
140 172
397 868
342 129
557 407
696 32
953 174
148 283
765 800
384 433
17 646
756 927
966 672
480 190
414 277
37 545
272 418
21 141
176 927
752 239
606 86
998 199
324 80
79 909
938 948
331 504
559 589
427 595
821 573
2 329
378 506
992 419
246 905
62 606
113 909
583 688
831 116
857 878
895 259
331 732
64 931
331 770
563 355
795 357
718 394
139 381
568 434
992 551
729 396
184 982
716 747
614 547
464 303
965 387
620 526
11 23
749 278
425 85
12 4
643 990
282 290
729 109
811 941
738 445
711 50
552 954
910 941
324 535
3 106
848 661
758 149
151 419
370 511
643 453
905 882
201 546
87 763
442 467
634 954
45 290
90 420
232 885
38 258
579 161
124 833
276 102
324 424
528 196
52 34
865 435
287 773
58 160
663 789
586 526
625 223
151 405
273 771
217 927
657 592
101 263
898 591
999 914
988 441
115 929
280 753
787 197
723 340
488 430
474 290
462 907
937 408
179 545
939 120
127 798
803 447
675 736
642 747
399 269
307 416
10 129
762 548
872 197
757 259
891 341
217 584
712 651
91 793
973 276
4 509
623 520
570 780
855 129
965 931
533 512
447 23
783 366
777 724
501 439
21 438
869 520
760 281
988 406
620 32
773 979
767 879
202 647
302 809
202 562
61 13
923 679
675 772
446 519
519 332
874 252
527 685
483 677
483 388
745 905
226 801
115 644
463 177
587 666
953 690
521 925
194 296
494 441
113 364
992 557
151 23
654 8
687 63
893 912
447 743
566 649
843 412
603 405
129 722
419 121
835 436
854 60
531 370
21 42
760 561
416 60
818 579
972 664
29 328
237 922
599 42
245 967
169 489
204 327
150 949
865 595
2 223
640 395
661 424
351 474
194 622
272 802
90 390
864 883
254 849
821 273
783 147
5 644
346 943
852 376
852 585
127 937
226 269
169 92
294 173
732 456
463 943
949 925
432 295
413 185
306 954
557 11
212 539
352 450
569 389
170 437
63 545
359 190
346 767
459 546
231 88
937 509
88 400
410 767
8 360
771 845
514 464
501 565
654 865
999 271
570 866
560 616
48 980
385 19
294 415
564 715
972 96
761 33
726 642
965 137
525 624
38 684
701 4
803 544
76 870
410 937
921 772
753 813
431 966
992 942
135 300
935 172
175 708
195 317
725 253
914 200
120 361
135 329
333 330
865 662
80 373
366 755
662 361
439 570
209 56
514 380
35 309
720 348
546 407
209 919
270 538
470 180
310 67
448 486
955 418
194 197
391 649
673 883
673 240
84 184
625 512
811 855
191 36
19 772
764 53
821 542
73 532
507 724
218 794
837 579
22 372
96 154
339 326
659 122
372 283
489 958
992 683
720 827
126 663
972 970
694 392
459 308
232 94
661 53
273 263
836 89
832 601
915 441
18 896
446 326
881 728
963 874
176 407
365 292
370 581
971 997
797 637
767 585
50 612
38 862
718 270
959 132
865 388
222 472
963 87
442 168
659 268
201 576
152 181
532 393
466 249
752 595
748 734
557 139
617 927
831 413
542 3
13 672
209 837
764 771
107 486
202 956
57 789
729 473
687 826
18 821
31 756
187 776
118 966
504 929
889 574
431 364
789 517
257 435
268 860
523 948
910 573
965 533
831 538
694 968
896 766
745 547
875 161
282 624
79 772
262 888
712 450
142 283
944 668
719 367
988 814
611 244
53 178
70 345
955 187
627 769
109 240
175 937
859 360
730 901
367 197
883 789
846 445
526 892
154 400
641 667
689 965
618 157
560 450
218 187
461 772
615 24
530 450
967 385
298 819
458 678
466 866
156 442
310 78
812 988
569 61
652 607
120 605
729 882
804 717
143 507
688 853
439 958
371 462
938 682
661 439
963 337
775 772
713 234
729 102
446 393
359 664
806 282
904 367
583 390
597 678
51 593
155 271
544 767
370 771
945 878
129 547
907 928
821 796
694 556
912 121
85 929
409 152
786 109
362 303
897 741
552 650
379 711
60 14
963 826
280 290
324 352
150 256
595 943
762 74
775 724
577 922
957 417
344 145
730 563
598 663
700 997
261 153
434 197
118 260
938 163
648 809
160 471
993 13
785 945
736 326
627 573
876 595
661 41
669 380
623 203
628 746
370 902
598 111
144 914
555 108
640 316
655 800
295 131
275 145
226 85
344 41
133 610
84 897
285 74
871 879
224 378
992 228
844 863
320 582
101 357
99 312
689 117
213 641
492 616
344 610
380 119
86 592
160 332
412 815
705 871
946 137
280 260
753 997
308 248
906 332
821 131
298 483
558 182
653 591
272 574
742 26
206 420
633 343
759 386
44 980
321 186
250 985
683 193
392 314
396 647
660 641
803 311
639 571
981 402
262 706
504 481
255 583
359 813
178 376
956 353
91 513
451 268
483 775
824 504
318 104
86 223
502 914
485 909
742 332
291 288
866 443
690 134
84 735
756 89
495 276
745 100
650 467
311 56
343 595
588 337
744 793
761 20
25 614
279 562
195 209
130 117
523 365
156 265
782 149
616 407
404 547
219 507
526 400
399 93
981 954
378 72
757 763
685 440
324 600
267 519
294 220
638 922
237 665
494 596
127 974
674 576
328 951
945 851
788 559
574 724
307 758
335 472
406 950
374 948
96 829
702 216
381 307
993 43
920 571
836 590
92 485
379 604
974 979
821 500
95 533
689 930
842 346
797 548
331 439
628 462
995 417
219 166
922 450
576 14
977 366
702 600
610 26
495 251
861 266
70 688
209 907
834 325
433 706
198 486
587 259
454 174
749 951
628 38
368 178
952 90
583 326
929 979
18 750
454 419
480 19
278 326
722 898
676 819
367 880
682 880
58 978
255 302
159 826
262 14
568 575
773 751
92 500
697 123
769 706
964 209
133 63
298 719
968 547
643 289
466 468
824 893
437 900
502 326
188 270
909 341
39 167
630 443
859 56
500 510
650 791
674 164
289 474
843 253
887 160
854 587
198 568
891 206
225 400
923 893
560 223
214 651
713 906
694 72
836 970
120 95
412 253
477 29
184 266
255 889
463 623
609 664
605 93
519 629
871 822
17 911
380 589
959 315
303 517
63 572
673 819
766 668
368 143
921 299
232 700
617 802
371 426
105 482
694 67
409 533
713 108
94 653
328 555
170 141
959 491
879 181
753 486
999 663
806 164
557 375
275 907
836 672
656 537
71 218
249 205
834 779
462 443
931 874
405 189
246 623
693 871
242 928
321 696
120 215
329 977
607 919
556 676
637 454
255 513
965 808
773 667
58 887
82 792
355 754
101 681
964 557
687 607
444 42
970 510
306 239
821 589
375 27
923 644
670 443
316 166
168 542
554 155
932 511
277 922
62 921
569 898
717 489
779 281
838 546
478 733
364 612
165 435
193 519
940 644
857 640
781 885
819 281
734 30
893 827
428 361
347 341
788 497
748 336
331 882
828 819
179 206
24 804
939 683
818 819
965 479
580 625
631 763
164 393
756 215
268 784
427 619
597 926
645 499
7 269
142 518
485 951
267 305
374 250
627 88
953 834
439 481
456 243
352 564
786 607
160 23
948 207
665 602
528 206
643 877
287 388
658 200
162 399
971 838
540 471
219 33
565 308
201 655
932 954
807 710
797 206
111 592
423 341
255 28
659 99
61 348
572 878
687 504
283 132
228 709
845 958
633 726
744 48
30 80
750 59
806 667
339 69
116 19
843 322
669 843
518 726
569 893
810 47
864 849
695 229
507 613
996 221
261 402
179 393
447 614
650 554
766 388
481 291
79 863
425 325
807 556
748 852
398 787
994 895
438 357
300 360
446 876
109 520
638 539
930 134
832 549
673 25
487 947
640 465
90 586
788 200
307 600
224 855
32 145
495 979
63 588
286 544
839 317
42 264
453 145
21 795
157 858
826 259
442 943
139 971
302 796
545 679
931 997
264 373
275 627
49 635
953 49
95 989
112 131
499 725
971 965
812 170
696 954
413 453
432 849
142 319
752 314
986 467
226 453
767 303
90 997
954 74
921 491
971 657
659 316
598 824
382 513
582 366
464 304
989 65
441 600
119 755
104 421
959 892
395 753
588 974
321 258
410 604
302 460
219 23
774 357
393 406
393 793
483 60
201 469
650 796
768 450
638 446
192 95
858 167
20 960
945 76
686 289
929 853
414 207
917 243
52 361
38 582
44 207
839 435
139 1
104 413
556 912
814 609
712 647
528 407
805 290
978 720
17 489
273 888
951 47
652 565
455 902
394 586
495 455
428 561
272 172
610 565
886 465
978 863
322 242
225 231
442 61
413 68
920 13
455 480
219 862
580 127
718 125
159 945
432 621
41 376
665 273
526 323
426 787
604 608
92 542
384 586
850 119
92 332
855 187
321 630
683 233
471 979
742 796
35 789
261 190
213 225
606 117
750 614
639 352
126 360
745 241
615 338
990 648
96 186
504 589
99 553
547 390
145 132
167 924
716 350
628 401
834 329
176 340
175 558
208 365
818 155
229 868
660 504
432 682
372 755
238 888
429 144
505 352
728 420
77 512
673 283
403 35
812 423
986 497
199 561
150 582
126 556
978 891
626 19
386 181
712 422
74 271
105 320
301 827
991 679
298 984
442 740
531 111
9 684
415 668
678 64
455 593
633 185
339 532
989 406
757 165
859 408
82 20
568 880
959 688
859 47
1000 51
567 13
687 866
107 664
859 240
564 589
901 205
638 852
783 962
360 440
198 32
339 696
749 350
625 553
459 2
723 544
20 536
495 190
911 417
652 180
886 67
106 739
567 898
481 909
216 930
828 120
804 516
22 408
889 715
969 107
988 710
71 259
569 717
738 678
396 677
729 121
33 260
859 798
823 106
94 147
724 251
746 793
173 375
813 13
535 474
136 680
1 969
504 317
764 61
738 907
837 530
389 14
150 87
616 369
444 428
366 390
268 496
430 385
162 298
446 578
580 485
557 989
810 684
90 123
285 871
492 65
232 64
719 941
939 127
198 904
966 877
942 323
298 392
169 922
921 304
277 349
258 290
451 299
931 443
671 806
771 862
215 905
634 440
459 739
207 180
209 42
163 858
90 815
550 858
507 699
336 350
289 186
361 853
44 708
727 252
413 474
551 367
956 588
280 482
463 383
890 856
618 477
622 288
641 43
280 420
474 174
289 46
821 486
692 589
349 510
785 954
839 820
65 547
158 943
257 892
972 377
966 796
372 236
749 113
780 632
846 998
58 685
255 15
656 182
845 794
773 312
787 304
823 518
403 658
193 132
342 699
219 319
246 747
428 415
279 863
285 519
191 995
470 679
49 570
96 219
140 5
372 546
550 551
989 108
84 484
497 89
640 620
923 236
404 572
791 40
500 453
173 934
84 152
522 650
47 772
861 979
738 26
757 542
238 269
877 110
308 325
469 703
692 279
673 499
645 905
693 14
113 223
371 555
774 57
254 349
824 101
910 884
956 593
275 385
630 548
759 782
16 763
453 132
518 400
312 511
821 64
30 962
458 996
466 756
498 953
833 647
705 696
381 614
128 574
873 306
821 447
673 523
62 19
464 791
953 798
730 638
481 408
482 979
500 251
171 367
165 411
709 630
809 815
944 652
15 5
496 475
617 416
136 137
230 872
803 672
175 399
759 897
947 309
612 186
60 345
760 983
272 846
265 271
618 164
987 122
141 262
33 815
96 884
212 78
141 651
318 973
382 789
958 190
122 304
711 662
104 309
886 822
651 510
389 182
287 307
451 961
540 741
659 58
568 104
582 629
84 119
615 406
239 742
194 87
4 394
195 652
1 880
81 566
854 760
234 664
910 334
313 203
520 145
188 366
981 725
886 866
310 907
393 919
372 894
11 927
430 954
953 789
710 32
701 609
169 972
692 668
336 801
213 711
298 769
377 638
424 862
335 664
887 725
257 667
687 271
453 436
469 456
49 240
383 356
992 754
457 347
111 934
831 796
153 895
786 229
159 845
12 137
9 330
894 205
201 394
449 38
873 906
53 888
604 5
583 90
926 544
208 320
895 898
633 645
300 930
166 997
821 343
732 767
156 529
501 290
762 4
832 502
989 177
46 776
875 329
960 146
352 911
709 627
94 327
832 805
674 789
430 774
85 676
109 562
832 47
453 985
226 50
48 455
932 849
884 259
104 66
298 167
6 295
606 424
908 515
107 913
24 117
872 517
795 394
136 271
848 278
705 993
824 446
280 118
935 325
193 366
828 463
179 784
626 89
787 253
192 906
323 997
381 873
953 212
398 32
212 143
67 489
991 61
123 609
113 720
274 121
980 707
683 642
129 863
821 481
639 668
466 182
151 979
267 629
732 29
228 445
508 244
776 632
567 308
742 984
385 849
821 623
547 401
605 79
485 107
247 177
577 352
379 244
667 233
350 390
869 257
941 974
972 529
254 532
2 474
153 650
605 40
183 945
882 174
331 966
434 562
439 717
636 748
528 774
694 613
104 864
835 461
6 660
27 199
38 558
397 30
315 668
249 751
123 733
348 789
286 994
315 889
714 37
358 748
451 437
869 483
594 53
113 386
410 453
649 989
645 658
503 543
212 813
464 172
695 37
457 142
235 390
514 371
317 64
300 720
123 75
298 430
159 682
33 851
909 121
761 793
318 533
508 863
923 536
371 560
580 771
92 861
57 512
266 872
580 200
470 712
44 78
969 664
308 747
977 613
608 107
81 592
932 336
631 242
729 204
951 461
237 369
245 441
17 511
910 372
544 257
856 65
864 919
247 862
431 139
714 68
148 424
457 299
218 664
275 613
540 957
290 385
442 19
382 80
806 12
965 164
814 225
987 929
226 523
31 837
380 647
541 930
697 57
89 934
80 725
397 989
773 60
20 815
494 517
597 47
577 322
921 144
499 830
350 292
82 304
468 551
22 78
456 758
563 918
522 411
275 191
668 490
697 26
718 369
713 57
202 51
587 698
458 420
468 50
815 537
626 282
824 286
346 861
1000 73
459 415
344 914
58 377
594 388
989 758
427 37
261 741
478 366
762 819
890 393
261 79
304 623
972 820
748 794
426 856
447 426
353 128
397 67
170 247
343 822
466 384
916 757
444 478
286 822
141 168
508 520
580 976
317 582
852 630
492 325
478 833
139 610
819 983
185 798
228 883
344 442
853 253
814 497
70 989
889 364
483 584
652 779
146 922
463 483
113 932
381 569
785 620
935 394
831 157
318 696
918 983
18 399
585 663
505 928
966 279
116 982
637 204
570 928
749 587
365 23
75 685
310 621
746 61
628 360
208 25
754 880
936 110
778 66
881 125
560 482
84 477
48 511
457 982
488 815
810 5
193 47
444 717
937 445
736 949
76 72
221 815
268 755
492 378
18 739
702 626
302 328
33 976
525 481
344 621
22 258
192 527
460 592
552 442
328 252
631 408
383 342
838 512
674 309
98 214
336 913
865 211
938 800
488 586
897 733
469 946
383 901
216 860
128 345
25 725
313 913
355 883
52 88
141 879
821 868
631 203
605 794
254 326
835 765
598 112
135 583
58 312
993 390
324 292
191 563
20 792
932 561
399 80
101 785
287 155
941 900
713 797
109 997
191 809
478 734
700 755
509 436
175 724
487 876
636 987
254 372
754 406
17 23
116 443
939 115
529 388
321 333
618 595
318 414
380 815
619 985
972 240
580 809
719 806
825 407
637 879
923 277
598 345
437 787
273 357
682 629
678 49
374 617
384 128
388 75
850 609
529 648
678 872
136 918
590 465
686 49
194 819
695 785
382 573
196 925
477 789
266 763
321 371
838 357
625 672
261 9
6 356
944 399
434 419
41 34
70 407
790 793
282 326
262 771
224 354
534 896
742 385
384 270
1 997
850 724
130 292
607 64
116 320
675 369
738 733
869 696
885 591
656 158
242 93
691 853
539 585
522 152
168 14
262 940
444 537
1 460
98 998
265 755
198 151
927 67
6 871
111 163
696 35
319 704
807 964
631 646
271 997
507 631
991 27
996 461
246 928
894 453
487 162
66 296
27 446
316 80
759 586
848 682
109 147
230 758
965 735
545 830
52 547
963 146
99 7
241 791
883 182
284 359
470 258
560 182
842 14
856 658
27 307
404 809
36 326
294 829
46 614
813 189
111 863
242 471
470 91
877 60
315 853
109 668
351 704
790 362
85 805
491 437
137 489
128 376
379 549
940 800
159 401
122 299
516 591
580 387
104 369
730 808
816 4
650 102
50 231
583 634
683 955
808 180
802 435
678 79
723 290
697 256
530 394
274 755
240 792
556 965
76 256
222 724
535 298
263 648
367 189
368 341
7 832
873 709
83 408
78 256
63 672
790 200
839 803
825 498
896 657
753 724
893 982
201 317
802 56
252 149
864 670
963 830
12 700
290 475
536 507
304 386
803 2
231 884
826 33
689 737
231 648
614 613
183 961
114 821
953 384
833 918
834 297
627 97
410 115
262 527
98 323
22 864
193 663
571 461
468 319
447 818
544 248
833 943
202 819
905 868
172 296
24 46
711 166
682 546
496 673
163 712
99 727
375 221
584 895
523 584
284 116
46 347
783 37
649 373
694 635
140 983
753 922
890 121
433 517
110 767
53 36
164 572
222 256
674 539
694 506
421 79
799 707
986 367
811 456
899 72
676 370
505 596
682 160
272 759
34 389
762 940
395 485
237 651
980 733
199 813
92 892
179 968
596 851
806 80
399 906
18 281
797 967
828 375
139 871
497 258
770 566
857 13
311 474
424 904
18 87
81 437
526 422
143 174
193 445
7 305
714 340
163 490
84 387
300 119
853 401
971 343
466 648
603 648
952 83
138 701
568 154
953 884
661 372
6 408
953 853
601 419
531 197
86 579
307 838
908 480
17 115
597 800
574 190
44 842
392 775
183 97
744 759
384 578
300 459
425 45
157 180
446 655
897 79
378 931
59 297
336 436
978 582
829 106
779 792
409 773
683 157
214 517
224 257
336 740
487 810
344 371
261 180
595 845
654 179
902 125
745 362
842 993
782 512
877 578
832 220
675 166
721 543
486 43
195 677
778 193
860 864
864 262
659 985
431 712
837 327
495 549
665 795
821 446
504 223
855 355
433 196
610 420
666 739
409 241
376 731
1000 128
322 40
158 680
959 961
78 251
597 139
82 264
46 129
945 880
879 435
619 847
811 591
67 581
801 174
648 443
860 25
446 54
82 161
127 997
462 874
111 948
353 868
682 520
148 30
713 200
626 483
609 350
331 469
969 629
710 594
968 515
74 974
77 621
541 422
702 81
554 906
212 700
777 663
300 669
697 765
927 520
190 613
692 247
973 109
854 570
784 165
376 408
522 610
135 304
370 407
46 892
55 540
557 371
353 189
114 507
883 441
90 145
565 54
586 360
764 427
566 338
990 575
127 77
706 303
569 614
417 747
94 912
840 887
162 465
403 977
817 177
774 326
355 485
807 811
282 256
785 78
693 409
96 549
83 617
659 22
52 335
23 102
94 724
716 436
410 266
685 8
873 793
217 958
589 630
544 366
637 813
976 864
409 247
444 754
349 393
217 387
295 242
148 724
382 554
754 320
161 918
676 907
758 281
258 360
37 765
368 896
963 77
65 47
939 855
412 929
809 997
532 933
158 242
1000 877
432 706
423 367
615 146
619 93
734 605
317 30
595 796
430 627
659 364
705 872
3 623
432 507
688 612
463 725
421 724
192 972
972 837
202 995
220 323
824 828
854 418
193 974
672 440
74 845
415 516
576 122
539 367
826 329
761 449
289 856
610 574
640 523
416 648
634 80
53 248
777 815
463 278
738 372
208 757
38 742
452 320
992 473
500 931
833 751
437 608
466 685
920 206
71 239
33 283
105 151
312 281
315 388
284 19
429 743
446 77
787 32
606 930
272 751
855 970
591 303
376 248
192 710
284 898
212 61
988 189
976 533
152 334
926 689
58 765
551 509
158 303
965 708
427 449
761 343
217 390
289 870
660 47
183 808
507 813
530 241
215 909
476 338
605 180
976 708
541 70
713 212
957 149
371 602
568 363
534 26
153 725
449 677
329 252
568 43
335 49
643 620
639 454
744 44
427 656
524 229
368 474
51 91
665 661
385 958
445 360
389 830
191 469
339 333
750 800
748 860
642 364
198 863
123 288
403 145
602 80
387 407
245 547
208 560
971 53
831 574
853 102
28 690
33 562
831 887
363 347
222 708
636 716
16 524
445 667
965 158
571 239
458 958
466 614
750 934
307 837
42 102
216 390
625 607
346 680
158 177
287 932
6 875
388 813
514 734
743 691
193 539
225 190
823 783
494 918
201 401
675 995
213 897
705 256
705 841
527 981
585 772
796 248
749 96
972 984
165 725
633 814
555 670
464 736
686 429
986 922
139 179
818 979
913 592
372 595
270 995
661 38
922 868
840 830
451 527
286 520
246 158
508 143
96 390
339 99
498 565
199 260
674 320
194 995
663 853
178 512
229 546
559 570
449 724
881 987
151 128
837 467
126 367
540 997
507 715
5 223
423 221
498 403
884 515
690 380
22 715
29 296
643 693
98 80
4 26
286 875
629 731
645 86
556 490
976 491
34 460
767 888
15 218
285 802
469 523
596 870
729 377
594 23
935 152
508 603
996 802
130 290
565 453
176 218
199 669
79 765
492 228
521 772
216 418
879 418
539 401
176 89
311 178
929 863
695 866
142 270
587 609
175 820
103 581
828 622
899 526
980 235
504 843
261 201
795 178
564 225
272 39
723 741
487 694
6 369
33 553
97 102
208 251
331 626
101 688
610 845
18 900
786 110
12 604
867 900
328 819
521 496
975 520
744 533
24 264
468 739
158 72
574 32
702 755
821 337
508 394
195 496
265 973
497 440
678 565
535 405
157 475
27 322
991 912
157 576
126 565
491 440
446 26
831 250
250 717
208 943
30 989
988 883
73 435
201 375
754 790
818 569
619 799
818 755
381 145
104 558
156 877
48 203
318 326
872 742
426 74
945 830
828 887
540 112
468 929
449 388
524 912
83 758
734 651
769 165
488 373
386 520
226 416
409 967
799 189
861 740
769 411
669 43
920 316
485 61
920 593
175 677
52 249
742 512
961 474
610 435
832 862
4 677
142 544
347 313
255 806
972 372
477 980
133 846
219 864
930 154
156 976
484 373
47 644
421 367
976 49
29 790
428 762
217 239
944 235
976 984
37 205
597 240
480 412
533 841
745 502
77 892
433 370
169 716
939 821
781 303
37 124
563 614
398 699
247 402
656 851
318 976
559 466
710 121
444 561
732 594
16 679
114 648
828 357
393 644
968 602
969 909
881 707
415 898
748 904
932 80
579 679
741 588
154 322
45 649
41 723
63 375
78 909
147 440
955 249
695 435
607 635
433 312
556 616
690 861
615 746
399 343
48 464
28 627
343 859
631 190
894 800
153 970
182 706
987 565
135 316
104 609
16 905
965 977
92 418
727 116
66 834
730 872
55 490
857 680
987 480
9 129
932 893
820 259
354 326
828 281
587 452
816 560
361 792
574 983
343 182
496 307
246 510
637 13
304 613
442 38
962 997
82 322
987 957
254 37
455 422
71 989
969 740
460 303
835 818
351 834
954 547
587 969
714 681
368 731
487 510
807 235
861 893
597 849
687 90
534 679
973 134
922 87
602 251
945 440
135 733
195 568
463 891
425 961
682 485
911 102
500 163
255 602
300 457
140 234
700 74
846 237
839 463
821 263
885 630
554 119
184 445
858 809
770 366
703 589
118 967
106 755
209 7
599 576
975 41
889 464
352 387
175 47
91 668
797 833
620 77
384 725
861 862
637 30
222 14
51 787
855 241
409 943
353 335
91 94
588 453
583 727
277 950
903 67
778 647
192 263
306 981
176 445
666 519
808 76
935 286
342 312
464 924
58 497
573 145
467 351
451 94
99 478
92 298
232 360
452 419
115 122
198 924
519 360
358 214
690 461
290 223
996 580
846 769
596 685
836 737
154 160
118 429
92 8
457 772
52 294
867 631
231 329
504 160
577 251
272 819
612 958
376 32
17 124
48 244
669 584
523 345
391 34
781 545
477 769
71 872
427 899
618 571
485 685
20 53
201 221
471 309
423 951
829 345
129 253
406 790
63 826
184 341
572 362
691 983
972 661
476 400
896 411
31 401
154 982
757 147
919 186
215 335
914 725
99 883
114 580
232 642
280 368
192 258
160 330
285 250
673 407
823 337
630 621
86 484
508 612
825 755
195 48
840 829
322 982
805 571
156 727
410 251
991 239
964 78
607 920
10 884
972 73
372 726
654 646
938 398
590 537
814 472
966 524
353 562
550 872
826 343
468 247
258 731
398 678
854 197
84 502
748 600
935 824
508 297
62 721
812 893
682 620
848 334
101 708
900 486
452 302
639 536
732 907
505 103
560 532
438 60
543 4
588 872
861 820
503 750
609 943
618 899
113 678
44 717
529 270
563 860
419 520
171 792
25 243
650 308
625 155
936 57
273 699
419 667
27 818
903 422
192 633
229 742
801 771
399 95
128 429
580 288
355 165
439 309
580 442
216 3
20 822
483 706
905 888
756 683
964 226
432 66
134 622
123 919
555 717
192 688
358 359
853 830
62 977
671 849
645 326
910 219
27 779
447 116
650 497
208 342
671 212
986 69
923 832
668 827
952 385
459 57
910 795
624 888
696 303
68 291
959 7
788 57
818 26
110 771
704 408
650 947
433 733
208 46
996 565
900 56
99 715
713 774
295 572
431 89
175 60
586 827
816 679
872 653
634 200
567 467
701 158
488 920
695 936
852 510
453 276
788 654
752 197
831 397
112 511
6 501
230 7
759 462
344 388
676 279
114 117
503 710
651 8
575 223
679 845
541 208
503 735
153 406
77 830
176 736
576 809
372 211
972 765
349 924
226 137
305 461
814 107
622 385
669 499
693 600
368 985
956 365
175 132
465 182
836 986
641 388
92 862
675 684
491 591
619 83
920 475
754 800
938 323
336 820
617 843
305 901
637 885
920 551
459 473
428 409
442 235
130 131
836 774
392 313
143 581
143 161
543 866
650 108
539 875
700 122
479 562
106 863
78 558
814 308
563 796
729 93
33 453
728 366
340 189
847 143
250 242
953 703
695 558
232 79
633 865
669 78
55 77
619 720
213 303
60 879
615 641
774 475
902 549
173 608
25 593
577 426
638 516
947 667
673 906
339 875
54 369
452 69
785 743
307 356
459 119
79 402
413 731
695 247
718 544
831 370
748 429
528 843
470 961
936 475
923 974
39 833
133 790
379 878
769 519
978 221
41 170
98 519
840 466
109 924
342 107
198 107
847 86
219 482
501 603
333 780
275 444
20 666
957 733
778 720
697 365
535 441
697 760
473 849
987 680
470 919
904 680
395 571
896 578
501 767
147 233
285 948
479 489
594 562
574 507
654 701
716 125
810 745
133 409
978 581
541 736
835 907
689 674
117 443
920 644
22 844
210 77
876 630
37 968
881 677
931 685
52 160
153 421
11 612
211 67
626 578
458 609
302 632
61 362
891 707
15 858
677 815
746 543
729 880
178 851
935 597
133 227
869 814
835 1000
138 748
532 888
137 570
63 211
380 630
993 879
447 354
487 635
216 194
421 519
846 723
244 252
428 176
12 611
718 124
606 616
173 639
795 336
406 177
457 242
230 746
752 799
760 125
372 895
492 678
854 74
645 204
147 185
645 375
344 853
413 112
107 827
349 322
563 453
381 60
961 379
633 813
698 480
284 656
951 562
412 833
761 330
487 579
936 730
855 773
502 122
151 993
460 132
525 731
833 755
479 954
343 385
488 709
595 122
2 379
52 826
847 735
589 967
298 898
745 830
825 710
843 111
593 925
90 95
410 609
153 712
788 618
937 251
693 155
915 79
162 348
938 144
444 567
615 820
399 291
431 39
120 979
710 160
945 634
710 748
848 301
64 443
286 224
201 13
766 924
554 941
955 511
788 921
916 312
743 912
227 366
831 337
669 677
2 562
63 780
153 550
537 8
890 88
336 684
757 248
198 288
57 954
62 820
258 5
470 783
885 747
2 461
991 990
698 178
266 394
762 776
317 393
495 263
976 591
151 329
656 53
351 35
661 879
475 345
540 776
502 679
792 985
115 743
816 858
130 549
358 493
640 987
718 206
88 914
224 725
254 673
637 942
372 630
594 925
114 814
595 181
455 308
606 366
3 337
705 351
606 37
1 519
216 829
306 948
523 67
81 9
683 704
119 517
82 125
529 911
724 667
915 601
795 482
114 676
494 905
727 870
953 515
450 717
202 418
767 161
636 766
503 752
96 307
882 456
139 681
286 256
550 679
208 952
456 742
433 128
11 270
104 929
137 124
492 475
529 355
497 668
576 983
76 752
836 894
963 876
308 145
468 177
347 243
836 351
607 590
382 606
675 456
95 77
352 399
976 107
344 579
277 591
796 330
318 387
534 853
298 833
52 60
127 299
452 359
821 107
476 89
759 32
123 204
384 800
294 989
782 473
389 405
993 870
536 297
242 385
410 784
760 558
537 314
727 312
904 163
103 918
911 516
735 731
275 612
578 794
596 141
296 549
328 124
294 36
302 260
660 218
610 155
280 673
272 634
905 102
864 904
937 500
412 707
601 334
385 417
133 212
965 779
576 566
521 136
917 614
649 507
837 662
392 137
692 531
239 912
820 632
723 239
84 419
628 819
721 594
820 456
118 179
917 653
963 793
444 672
492 704
694 561
377 506
485 519
923 687
770 217
615 715
447 837
831 785
998 361
456 767
478 466
184 641
795 616
76 196
272 218
564 5
29 630
462 995
397 350
901 367
825 760
980 390
214 311
839 719
6 329
535 781
105 416
558 253
609 400
536 981
565 393
394 796
516 902
250 818
505 294
404 787
173 699
159 312
828 103
413 241
331 719
821 809
522 608
154 545
411 341
583 5
996 774
176 758
814 773
193 257
778 757
4 822
495 519
625 132
540 867
696 89
198 315
61 950
372 900
222 173
59 547
274 453
998 995
142 952
9 832
569 712
709 634
159 596
736 189
474 624
598 936
209 668
513 407
356 158
702 130
307 413
439 332
541 306
161 772
952 338
872 512
755 997
297 323
154 887
268 583
318 202
24 491
887 121
319 166
463 249
656 882
596 283
412 585
812 653
788 403
379 79
876 789
77 646
882 863
594 649
495 566
781 205
261 596
996 481
413 357
778 904
970 68
219 320
198 318
201 418
764 780
536 712
426 161
380 651
188 798
701 678
596 419
313 581
531 361
656 933
421 539
156 614
425 171
261 875
823 766
814 530
96 257
227 38
972 671
297 309
738 475
617 87
209 879
227 590
371 485
744 755
559 796
146 205
556 586
538 909
980 667
952 994
525 822
779 411
721 945
692 1000
96 407
854 266
840 609
257 77
757 925
316 67
896 902
735 907
437 667
37 822
578 117
359 77
529 855
403 400
374 898
227 866
81 311
113 411
216 768
552 854
884 121
820 484
248 106
673 80
363 266
523 225
926 634
184 637
307 511
828 16
207 47
842 827
25 954
300 805
569 706
416 288
758 56
920 336
227 940
188 612
225 211
693 79
50 819
159 63
972 382
953 274
21 606
389 88
237 268
438 679
730 650
8 592
397 282
711 969
387 49
782 441
846 551
528 668
46 186
495 88
737 502
554 364
847 439
897 551
966 725
479 916
901 600
82 733
702 979
64 303
860 35
120 531
289 437
1 755
767 892
972 219
32 40
838 664
972 209
571 918
397 253
580 504
159 835
970 242
987 332
497 56
162 778
287 94
182 789
603 657
109 485
816 927
92 191
821 806
875 740
104 456
64 765
496 482
595 93
902 239
377 495
286 491
597 179
975 669
744 831
828 886
62 154
273 51
115 565
379 827
734 650
944 301
700 613
766 979
128 411
122 724
232 17
652 413
760 115
818 437
961 38
791 851
540 878
442 752
695 591
414 305
683 460
22 202
721 485
968 511
286 317
174 251
493 328
179 755
695 414
342 826
289 337
156 642
50 223
301 486
492 490
631 79
48 437
911 829
148 486
483 594
987 581
77 558
198 668
673 551
451 247
209 177
370 787
551 892
577 642
222 386
846 124
425 921
52 229
701 895
173 463
541 953
295 845
543 573
706 548
598 726
703 903
786 626
287 974
566 809
488 955
156 498
69 475
760 244
495 876
355 853
213 445
617 875
410 411
5 373
2 376
758 32
873 279
590 502
16 833
162 504
279 441
795 797
413 251
272 542
153 667
972 253
5 402
457 896
98 594
785 790
359 769
331 988
238 253
21 976
404 32
633 496
538 304
286 753
184 482
54 370
577 72
723 951
272 826
540 102
748 911
104 946
869 451
606 130
268 742
318 402
37 892
569 124
18 285
245 1
764 770
556 843
227 337
305 757
671 20
358 610
195 36
521 247
868 827
926 152
208 589
543 755
464 676
993 791
574 914
469 851
396 504
138 402
831 814
389 296
136 206
895 149
358 863
569 486
823 502
222 147
446 389
63 338
375 691
840 733
683 623
700 793
977 602
392 679
336 758
677 450
991 189
64 309
623 435
234 863
37 47
812 402
953 34
70 732
273 732
195 935
409 956
414 73
410 562
44 573
265 680
846 830
431 782
487 26
600 755
836 108
308 849
456 789
864 527
846 866
908 346
11 175
4 473
829 364
738 589
356 517
255 345
379 33
760 97
211 185
6 844
630 334
194 695
327 924
990 535
434 982
73 688
603 623
602 419
580 47
432 615
204 279
702 901
695 334
139 967
480 345
829 281
226 180
814 779
637 651
274 420
501 410
454 79
54 593
836 2
142 704
848 451
560 276
54 283
760 146
24 99
216 388
211 121
82 723
891 507
988 124
96 731
28 700
310 980
811 787
153 437
194 989
246 592
633 863
257 768
701 540
202 564
286 453
921 26
310 93
447 543
721 951
746 865
807 725
713 854
55 610
175 970
637 968
228 40
378 700
801 707
846 6
225 338
289 987
409 239
864 337
60 547
946 554
198 175
352 157
111 898
184 287
498 937
949 724
660 96
321 274
357 435
7 333
447 641
16 898
897 388
844 131
710 143
994 690
21 443
624 792
293 238
575 627
567 520
735 513
71 115
171 648
306 591
749 930
890 126
50 651
344 39
211 366
553 419
686 755
744 554
298 937
501 299
896 146
295 667
134 86
840 447
515 880
755 93
966 849
452 349
586 454
735 47
499 146
696 767
423 252
306 511
681 297
35 366
713 998
314 880
477 973
453 117
51 269
131 271
659 799
284 566
818 884
774 758
465 794
914 235
184 605
230 957
753 746
991 134
457 639
92 67
350 679
347 362
687 499
24 304
946 662
675 366
813 794
478 96
20 982
800 486
6 960
44 117
392 653
799 281
988 523
874 934
244 158
91 456
217 670
410 56
734 14
540 299
275 857
302 180
16 562
605 632
771 947
52 299
711 887
1 862
710 168
824 219
857 690
682 69
967 435
695 855
860 739
872 288
105 3
677 165
504 134
324 581
382 69
576 852
825 73
595 925
219 679
130 379
905 441
492 168
994 500
324 78
654 464
992 490
936 837
280 658
213 162
778 849
315 708
812 436
696 747
432 583
832 480
368 766
189 794
624 200
674 572
932 877
265 956
85 235
195 282
420 350
126 570
82 813
380 878
834 456
518 769
625 341
890 492
225 210
746 214
820 758
961 948
483 765
105 56
884 885
315 509
593 790
486 304
693 969
557 740
115 482
883 87
129 480
352 791
96 291
986 735
903 841
53 238
342 121
54 509
255 399
15 309
10 146
752 997
719 152
138 871
258 664
369 271
141 573
697 279
332 132
782 780
682 666
379 517
804 605
22 125
975 315
890 508
188 537
115 297
412 684
824 397
280 489
199 544
423 4
935 276
352 878
505 486
945 351
856 699
1000 108
35 658
926 373
260 533
376 345
909 166
610 166
645 351
424 919
548 863
427 708
727 256
555 516
234 879
597 913
746 233
671 330
82 436
216 692
70 868
904 160
33 767
671 270
290 800
866 548
980 65
914 360
9 171
150 777
202 726
324 555
528 124
427 868
840 41
285 440
695 934
489 739
397 305
342 151
316 93
382 490
424 750
522 860
743 997
335 560
567 165
867 918
714 35
349 19
564 684
7 399
491 893
116 538
444 644
478 147
396 233
854 493
283 731
272 422
89 520
754 499
744 779
627 362
640 273
154 878
344 654
98 546
746 863
514 882
289 589
978 235
169 85
965 617
160 954
232 340
437 454
399 562
574 405
476 813
151 536
638 843
819 303
209 445
733 86
353 158
484 853
789 862
416 977
655 657
866 56
543 297
371 227
601 792
570 657
932 13
946 951
403 260
160 862
754 40
617 4
805 667
176 5
55 150
275 30
586 829
563 350
407 772
457 212
1 928
224 106
847 933
220 253
194 796
509 862
764 941
964 513
865 248
888 548
698 871
22 221
978 408
274 531
782 385
461 87
386 43
180 787
510 106
415 941
544 919
978 36
339 601
492 706
957 681
114 981
881 496
173 141
491 631
195 896
583 116
987 307
915 530
52 275
783 426
133 351
877 895
890 36
98 270
170 648
999 1
610 282
942 78
10 605
70 235
622 207
967 259
730 214
559 376
832 877
756 402
938 991
498 669
513 13
994 30
824 163
800 621
11 483
656 530
35 581
953 420
188 644
575 110
618 927
158 609
99 892
10 965
621 40
60 362
828 508
996 108
482 405
810 172
169 960
537 26
94 668
276 333
839 877
136 15
816 402
226 778
355 303
947 982
495 701
714 960
853 334
521 595
54 841
996 583
898 624
367 149
118 635
501 698
227 851
804 306
33 789
686 225
691 927
836 696
861 731
923 557
16 537
261 256
242 755
150 715
409 223
315 519
71 165
216 99
923 94
606 664
84 485
194 137
202 878
14 984
597 523
179 471
953 50
973 211
966 929
331 329
468 203
377 655
211 417
459 601
175 915
228 215
831 811
70 393
515 685
113 245
923 203
937 26
144 900
930 418
156 130
488 527
237 688
749 856
219 550
342 808
698 217
563 920
232 843
865 210
941 54
603 772
522 168
363 826
222 865
978 45
773 207
181 490
857 165
250 515
63 976
535 442
245 612
431 668
164 131
493 822
557 493
503 351
626 858
454 369
37 870
797 278
904 327
978 400
536 632
846 743
704 985
195 156
199 123
656 520
355 868
673 97
598 791
307 592
571 248
85 350
133 305
799 614
296 545
62 509
457 471
213 623
639 36
428 56
366 56
116 348
916 530
349 281
348 679
137 750
39 390
95 691
122 644
86 178
993 526
278 878
557 103
85 422
129 150
313 724
446 443
38 822
451 386
351 565
778 164
37 248
344 247
864 150
773 38
104 579
999 332
235 385
589 23
99 219
839 912
965 820
159 771
17 895
358 247
874 658
126 53
245 969
135 369
433 288
844 323
115 574
245 484
133 796
784 43
308 874
508 808
432 471
118 907
126 175
57 43
590 950
501 407
483 415
992 57
707 912
9 781
840 611
113 746
265 45
686 393
170 264
783 843
478 504
295 712
431 867
764 903
287 949
755 983
737 152
53 722
557 450
11 976
816 602
290 490
290 768
58 920
44 469
643 824
964 899
329 648
201 540
663 515
48 311
956 899
538 880
922 604
786 384
68 322
978 940
191 493
300 165
705 594
615 160
876 631
292 299
659 996
825 961
28 200
783 411
808 472
710 19
631 441
986 131
117 845
697 246
164 387
414 782
332 751
16 426
258 165
351 327
351 668
455 531
358 593
633 409
854 631
359 662
133 384
866 93
797 813
975 298
503 995
552 708
923 489
79 314
270 402
805 700
415 72
322 499
558 235
370 65
541 44
686 335
676 612
398 932
501 370
494 233
567 835
81 157
311 614
810 220
938 528
25 646
932 59
270 668
95 240
643 29
427 329
178 345
5 367
514 928
995 332
423 676
577 701
750 166
321 264
851 979
462 330
730 270
812 212
661 200
648 800
359 38
11 441
940 849
674 930
697 544
372 145
224 866
949 787
231 252
184 819
649 755
148 97
564 386
824 627
721 578
551 967
77 279
41 773
996 994
764 355
28 164
966 834
92 102
915 538
268 995
86 941
596 681
178 581
705 102
396 537
577 537
429 511
353 670
539 334
404 957
273 830
123 482
704 796
806 207
156 329
760 196
542 407
213 730
883 841
654 387
646 327
580 408
626 410
987 273
351 941
78 362
875 809
216 281
965 283
51 116
684 186
415 229
237 123
479 960
803 338
237 712
778 3
99 732
33 585
188 364
698 565
425 443
996 637
140 193
137 781
536 954
897 802
808 270
588 14
577 26
638 190
812 827
987 436
126 862
935 40
62 380
532 827
552 201
450 537
416 100
480 747
140 67
343 196
130 832
26 121
58 656
318 886
165 629
41 864
180 680
826 555
831 677
150 708
648 440
431 846
237 36
126 39
922 54
244 774
163 181
9 400
811 916
277 181
87 47
559 890
633 309
577 918
321 689
695 792
192 216
598 127
111 180
897 893
534 88
604 822
514 305
97 728
575 566
480 512
826 585
379 603
209 873
832 54
578 934
116 725
305 593
141 967
598 92
991 452
810 928
196 947
382 993
92 481
447 5
157 223
404 429
246 908
660 747
230 406
894 106
153 346
951 239
391 907
615 990
719 982
453 591
525 185
157 207
478 841
914 592
923 233
313 88
195 384
716 305
778 601
770 616
960 181
240 758
36 256
535 745
619 119
520 131
916 707
58 736
495 755
915 394
153 620
328 940
589 616
826 485
110 323
427 689
727 305
9 238
823 982
129 664
528 345
713 347
617 921
792 233
760 448
761 676
324 102
335 742
321 187
690 726
300 884
110 26
349 635
461 989
992 524
541 162
686 410
213 463
322 838
508 371
611 681
898 742
459 711
542 798
154 632
670 790
671 187
545 167
380 278
18 65
656 485
714 64
899 25
748 484
129 465
387 171
850 395
695 474
170 401
701 116
525 680
383 753
37 337
479 546
26 517
825 48
424 549
224 411
839 812
773 739
4 417
494 646
770 127
705 713
996 902
727 141
278 918
316 691
492 554
695 981
396 54
988 353
331 549
791 862
705 398
645 262
451 463
916 158
98 607
802 165
935 763
156 532
11 278
999 150
302 639
741 238
541 357
466 313
888 924
633 378
927 562
46 214
92 489
250 918
567 987
451 244
270 502
451 640
694 66
552 861
447 512
184 61
156 673
745 708
839 481
648 629
749 877
63 638
127 335
662 465
3 401
339 813
501 304
488 327
150 407
786 746
391 310
535 631
302 707
1 931
331 392
883 715
689 146
816 789
577 421
98 43
2 859
463 530
541 385
361 385
89 789
300 434
423 416
122 323
219 818
850 862
511 958
447 453
551 981
673 637
996 297
960 269
618 766
575 558
552 619
741 773
965 589
903 793
88 888
380 163
57 160
497 927
828 293
501 420
630 934
104 604
714 377
169 588
897 925
368 928
76 93
619 627
213 662
196 931
726 340
921 691
194 309
46 87
62 699
176 921
773 859
625 576
760 888
957 177
333 651
438 621
173 241
373 793
991 720
980 334
778 352
808 157
90 870
836 179
397 800
53 385
620 819
982 197
744 198
398 571
67 401
966 86
666 122
695 634
126 538
431 951
778 592
953 527
601 450
344 45
183 242
285 421
738 669
12 967
39 297
728 934
848 644
397 887
655 131
779 798
546 579
721 299
536 925
875 989
151 483
114 739
896 601
588 572
312 408
873 818
356 858
656 607
504 395
671 882
38 536
42 780
558 667
920 54
6 117
776 849
598 439
71 250
331 341
567 689
468 481
183 726
172 612
219 446
75 401
57 259
283 341
23 581
700 418
923 167
587 122
92 51
523 561
601 582
398 55
218 724
967 203
459 422
563 264
136 132
869 820
821 456
816 412
682 712
989 490
839 156
293 683
156 750
542 341
854 507
998 635
477 480
568 887
628 31
254 912
930 16
552 775
980 204
301 14
558 751
314 934
854 282
130 479
597 540
720 593
60 234
20 341
987 701
889 119
835 33
237 440
84 994
265 329
293 209
126 922
60 168
807 239
457 716
949 223
571 309
176 723
154 576
596 181
996 524
104 589
427 760
464 751
617 517
727 446
693 675
867 668
859 75
313 699
619 163
987 796
902 653
938 297
98 981
373 794
201 136
981 657
599 415
617 164
567 725
770 89
883 132
142 107
547 983
240 663
826 941
905 635
468 246
165 984
99 271
706 863
810 605
597 85
451 841
856 489
985 106
953 160
138 130
622 928
191 193
158 555
661 82
556 332
213 358
336 186
992 704
99 423
307 349
370 934
529 582
972 114
163 125
439 393
130 79
987 430
225 962
823 888
372 241
623 793
58 518
316 73
749 234
222 138
249 572
472 190
214 789
113 889
478 867
598 539
536 813
416 376
857 882
972 891
447 281
749 102
457 47
706 851
535 813
816 973
704 896
154 519
964 821
470 537
456 898
449 85
165 792
462 561
809 950
394 664
700 549
164 960
631 914
842 805
661 324
992 904
162 613
748 239
903 593
618 680
455 519
742 360
450 177
597 723
363 39
541 712
865 79
837 901
214 942
488 189
706 878
265 612
441 288
214 200
569 247
814 547
605 885
485 624
339 682
315 364
859 204
783 533
37 592
930 906
339 810
15 553
529 668
636 861
459 830
532 621
466 502
821 844
158 909
693 401
135 211
277 754
541 200
12 733
73 707
266 167
347 883
1000 420
747 40
21 928
980 234
427 594
643 578
944 554
563 872
153 493
961 37
823 637
624 203
769 348
264 515
57 594
896 755
462 376
885 152
542 878
615 776
84 530
554 110
939 681
605 979
881 240
162 404
538 299
184 783
616 147
516 602
762 863
678 116
318 486
228 281
859 291
187 914
419 863
713 766
227 635
567 11
921 196
106 271
450 422
686 296
459 455
459 117
988 58
451 123
77 32
179 440
770 168
311 539
734 841
493 569
544 256
803 764
2 45
936 918
430 402
430 544
520 309
459 443
939 173
834 772
785 767
95 586
774 161
1000 410
136 42
298 849
713 307
855 875
399 905
475 736
881 19
62 504
941 591
41 993
290 406
211 875
384 728
536 373
425 292
280 373
628 477
324 429
828 435
796 281
179 612
162 66
557 516
857 23
488 572
452 111
340 450
227 271
705 925
437 262
432 38
930 1
890 308
825 124
94 520
995 680
606 190
286 735
877 765
596 849
777 798
208 531
733 225
645 566
246 672
939 434
744 862
638 564
277 89
701 754
305 185
222 33
71 325
463 175
213 766
904 724
828 672
383 555
848 370
351 750
242 739
738 777
633 862
135 937
479 970
855 874
391 842
840 996
957 354
134 554
811 221
54 489
133 484
606 794
113 922
317 401
991 950
606 337
377 977
437 121
73 144
733 25
217 19
204 454
87 299
96 725
666 736
105 397
140 618
748 199
451 480
525 53
222 452
574 93
741 605
2 790
646 581
756 534
907 833
562 997
118 961
702 773
870 822
375 401
311 841
645 246
992 160
284 612
714 613
941 512
285 442
756 984
156 389
567 191
973 231
523 874
900 670
695 476
163 376
839 984
1 13
356 634
469 353
302 154
576 54
769 793
257 664
565 538
133 223
247 161
926 978
625 540
764 777
607 724
804 721
37 900
920 341
383 333
708 292
723 830
524 369
656 270
619 476
399 943
416 489
66 669
53 845
328 400
126 638
307 393
85 67
170 784
24 958
711 111
508 501
625 608
9 922
871 60
684 600
116 928
886 930
868 958
666 838
606 298
504 65
233 366
697 177
802 852
378 542
210 570
530 475
804 873
140 592
303 102
907 419
523 771
829 880
98 424
229 13
956 125
865 73
612 166
138 257
736 460
213 691
219 526
210 561
202 820
192 448
857 588
44 441
645 576
137 121
513 354
477 282
978 401
144 161
541 212
429 526
966 128
288 345
686 996
225 621
487 99
2 683
306 872
815 621
588 885
413 204
315 670
180 772
868 736
738 553
695 896
854 606
1000 616
923 14
847 103
431 415
848 795
803 616
769 465
363 506
71 382
313 406
832 442
694 450
39 766
567 813
866 880
297 281
848 649
824 509
103 347
396 242
21 804
438 504
310 329
821 469
960 244
298 364
254 423
707 132
956 328
311 359
310 994
690 553
593 338
415 412
617 423
593 708
171 763
543 829
682 815
990 122
693 121
255 240
887 927
275 158
193 400
953 513
96 190
774 122
748 407
237 240
153 319
563 207
599 644
427 175
80 40
774 353
861 790
995 440
112 337
584 60
554 993
754 901
184 475
897 19
919 629
963 165
886 129
453 979
474 942
282 73
228 747
605 894
111 264
209 447
71 602
315 958
976 262
804 249
497 591
675 405
1000 669
513 670
803 489
406 549
812 291
652 575
398 626
806 3
987 469
62 802
329 443
175 675
90 941
529 103
941 233
52 485
295 617
196 106
68 844
963 797
372 345
411 913
33 484
29 644
648 269
993 248
754 768
563 604
996 655
643 886
993 190
812 632
225 221
123 595
55 310
471 983
372 647
539 621
574 906
33 779
177 325
169 838
912 271
463 875
610 925
810 313
828 107
295 217
246 934
944 512
381 215
795 581
70 771
939 953
589 582
854 554
846 17
371 357
491 262
740 794
970 856
237 357
723 146
358 678
29 405
287 343
532 490
966 569
58 66
992 857
87 642
381 900
156 819
559 574
397 642
132 281
911 531
936 775
662 592
261 123
59 152
738 448
786 61
50 389
230 421
749 615
41 358
389 26
488 623
756 569
29 189
339 766
352 793
148 464
34 54
605 743
208 606
212 33
11 614
744 155
348 417
268 641
417 629
446 572
120 490
966 165
833 929
708 924
41 760
287 917
64 883
244 888
123 489
593 327
349 925
46 632
488 967
432 263
523 919
33 845
807 194
321 676
961 861
727 155
268 773
894 240
195 312
114 129
522 711
81 108
909 32
761 251
193 248
897 644
180 679
272 353
763 233
466 265
308 402
652 538
962 445
473 882
588 538
293 134
214 989
807 135
589 401
861 736
503 699
505 981
212 3
939 909
969 675
315 232
556 402
103 124
427 335
423 827
342 445
482 642
356 537
515 390
836 799
606 414
316 538
752 80
139 350
810 149
438 307
778 931
525 781
744 40
151 974
563 299
292 443
411 644
24 168
735 256
911 724
202 243
340 658
384 635
539 547
277 564
836 115
31 417
407 61
854 943
425 790
551 35
5 526
843 708
824 948
718 632
105 566
749 539
424 127
355 481
83 8
228 418
217 203
414 720
640 574
81 371
103 904
723 853
90 838
198 211
963 45
275 761
337 238
489 849
272 492
96 245
267 582
480 35
99 84
94 891
778 25
713 351
475 233
33 792
421 283
599 670
63 321
431 99
344 586
508 561
802 768
831 456
938 126
963 681
262 190
713 196
628 127
310 763
825 398
692 525
245 724
250 780
968 303
697 191
396 993
827 699
972 58
225 858
568 493
374 328
507 405
843 59
92 125
403 72
533 65
861 874
541 356
117 271
990 722
343 538
155 278
663 161
133 451
383 727
935 15
155 780
195 899
903 651
752 264
381 124
705 685
617 65
423 481
959 207
478 704
60 167
757 189
228 337
248 863
387 657
659 367
213 882
886 947
860 920
962 418
346 586
431 152
368 963
972 919
498 667
695 510
776 241
619 343
520 747
730 212
483 960
268 337
605 608
968 691
117 789
159 11
331 84
94 445
55 703
786 408
162 898
46 802
553 851
742 985
832 283
531 780
184 418
886 894
195 46
167 591
901 361
154 336
665 921
577 597
420 253
115 507
990 984
160 304
237 596
935 800
195 715
168 664
791 725
611 771
990 811
82 728
853 819
457 257
501 186
720 884
475 647
11 25
85 527
462 929
7 379
459 34
9 120
6 364
81 445
130 830
2 64
381 829
764 529
568 944
153 695
344 620
427 15
83 279
802 335
226 90
973 892
842 474
173 580
852 878
988 63
999 330
10 205
692 23
781 862
938 289
814 296
321 376
447 163
661 752
689 601
556 95
587 154
127 352
465 19
846 243
131 600
469 51
397 407
83 858
81 576
935 123
58 123
859 918
587 501
753 960
25 418
224 860
848 245
987 830
81 147
423 750
491 370
121 863
761 942
921 247
556 590
584 304
917 212
307 594
16 312
199 722
682 548
86 348
456 223
857 409
261 953
416 888
873 539
500 131
394 155
493 574
140 530
204 657
19 35
391 125
641 326
987 594
135 422
99 739
461 954
228 533
625 651
416 189
812 703
179 116
531 189
545 981
697 386
755 440
941 401
587 532
70 649
805 249
987 704
368 347
930 776
910 215
532 977
476 635
978 104
625 450
744 940
901 435
666 443
727 8
452 841
810 282
335 323
615 370
434 635
567 657
444 874
529 674
2 3
705 986
394 708
824 142
867 299
551 26
695 719
872 243
2 205
544 334
81 433
169 466
804 780
584 454
426 129
141 290
358 119
921 726
286 449
157 539
31 880
527 67
908 200
285 966
272 468
383 902
81 392
848 930
344 38
479 949
308 933
816 583
128 867
914 327
921 784
637 186
560 858
617 877
483 163
221 822
457 217
545 239
543 465
734 520
942 775
890 437
65 35
139 49
991 91
328 338
897 684
14 862
750 79
675 968
280 288
66 545
611 205
46 937
723 353
487 695
752 608
276 367
335 190
82 960
11 851
464 863
337 333
254 11
964 193
84 93
224 622
890 327
410 883
694 110
894 121
1 747
25 584
768 819
468 514
848 377
573 23
160 851
939 440
192 473
304 325
371 38
937 282
467 125
41 751
127 420
456 591
346 727
975 904
16 167
577 470
718 876
640 155
587 34
760 73
310 242
942 429
745 366
66 106
219 385
625 678
302 193
638 726
605 929
807 539
999 171
101 532
533 715
501 264
104 571
965 307
487 327
392 951
81 929
532 370
33 576
477 562
280 799
618 666
52 25
990 622
909 845
16 672
427 658
939 164
568 500
867 376
168 950
770 925
641 243
326 863
368 313
377 512
553 898
267 637
433 253
653 471
272 252
185 345
453 205
227 983
821 527
139 648
537 621
559 805
620 252
782 182
481 152
695 276
732 214
516 579
536 668
5 740
659 176
952 108
778 141
9 253
645 463
459 407
99 994
944 171
344 746
344 307
683 845
945 608
953 228
589 402
886 789
606 867
730 462
732 171
762 533
398 690
153 248
656 576
941 235
374 19
700 799
670 658
854 359
496 185
910 64
702 658
810 122
936 323
245 350
860 161
806 314
988 103
927 667
978 985
331 696
111 765
364 515
805 895
956 68
210 566
993 87
883 931
338 177
587 477
970 509
823 43
810 300
313 243
22 264
82 225
228 178
159 95
660 634
72 793
769 664
51 861
371 706
312 67
827 644
849 299
910 989
975 823
649 912
620 411
690 827
855 977
383 417
938 871
530 288
764 293
749 48
744 768
66 799
159 39
84 88
876 977
570 345
472 364
917 88
935 478
208 60
405 369
842 160
503 507
831 293
568 190
760 102
780 592
461 791
791 440
729 976
639 861
106 281
996 387
589 651
741 726
451 290
382 174
869 493
463 413
316 411
363 735
978 998
162 269
659 63
140 260
965 355
509 367
537 367
485 867
136 417
668 815
782 29
505 617
986 610
473 330
752 269
283 772
41 976
437 376
541 921
998 506
409 108
653 288
395 493
705 467
603 345
615 811
552 139
986 68
396 484
18 669
504 418
692 190
275 943
524 561
423 569
37 997
365 419
322 502
616 411
373 367
176 471
586 717
709 100
146 657
694 340
322 789
883 799
694 180
74 985
458 774
248 390
971 453
835 529
732 69
222 470
378 111
702 527
331 995
687 408
518 700
703 77
569 100
767 390
569 354
857 583
22 436
589 866
808 376
628 172
832 858
627 985
976 968
410 271
311 942
375 621
339 461
461 779
653 223
242 366
361 177
541 715
667 511
545 725
528 933
659 69
275 710
665 43
62 902
577 21
50 520
116 547
116 616
494 871
90 276
935 675
260 292
71 484
73 32
911 679
865 983
58 979
312 591
875 422
397 485
270 240
92 770
16 330
869 290
889 742
331 268
153 774
734 306
710 132
540 354
418 121
908 525
371 882
734 637
762 480
116 651
803 53
588 962
772 794
173 760
568 380
49 345
59 236
136 378
255 745
24 449
382 662
427 422
437 29
64 144
8 205
703 647
73 885
318 530
265 691
992 868
54 72
860 163
754 258
840 544
66 32
202 209
81 234
85 165
567 139
192 713
900 579
898 376
196 809
556 193
666 190
996 218
615 215
317 980
475 26
138 683
44 483
122 303
467 43
557 184
315 649
835 38
382 426
423 1
618 463
634 279
858 279
546 984
556 622
140 579
9 396
503 89
694 658
404 87
438 90
488 83
135 700
633 129
374 383
870 288
598 982
760 500
115 119
835 360
650 354
183 231
293 611
991 8
365 827
320 943
428 244
553 621
814 774
738 580
85 143
821 414
692 347
99 232
688 642
58 352
828 871
788 997
295 684
195 411
636 473
263 707
732 132
505 347
806 359
346 117
353 412
456 435
364 197
254 991
559 918
916 582
431 901
138 37
843 132
351 880
569 163
305 736
846 813
128 573
195 490
112 594
803 429
496 728
859 662
426 408
14 841
946 681
697 918
18 479
425 20
249 549
840 282
910 808
280 764
916 291
716 722
70 694
343 436
757 56
12 1
473 805
491 167
955 167
535 111
910 271
51 929
594 131
202 15
438 382
713 298
939 135
702 663
619 13
782 238
988 732
272 161
710 217
344 855
307 728
175 415
458 654
935 697
73 948
897 359
463 582
329 724
218 667
660 365
811 378
107 739
910 636
611 709
726 13
453 767
678 799
192 17
518 733
722 207
207 303
273 182
216 840
999 891
966 617
836 271
583 225
426 369
643 660
775 367
628 314
521 448
451 207
179 874
225 885
618 351
199 445
607 132
114 700
619 40
428 562
683 4
576 614
225 72
657 815
816 400
129 32
501 32
651 443
638 870
28 256
701 236
959 373
474 239
70 43
682 440
978 283
491 423
972 753
844 943
923 881
349 93
805 685
426 565
934 345
70 19
207 929
344 701
965 805
63 285
331 313
227 775
745 605
543 554
695 64
232 95
398 137
222 435
976 838
945 53
214 211
606 732
135 763
91 853
306 467
162 115
213 558
100 595
879 798
467 547
702 14
543 77
129 269
216 697
933 798
277 989
18 294
1 269
690 904
577 299
183 215
18 271
406 520
439 685
518 755
996 650
926 180
826 346
381 354
654 453
415 906
741 360
152 819
208 790
935 847
34 330
18 631
396 868
992 101
75 121
230 388
939 940
488 422
567 126
528 971
834 79
766 278
77 887
588 167
506 918
704 502
254 208
876 443
858 790
817 108
380 350
710 403
944 150
332 635
319 931
560 60
458 196
817 296
447 736
338 658
943 281
413 658
531 325
636 582
385 515
333 614
966 977
17 532
939 469
682 532
385 830
273 520
638 917
785 677
213 534
678 129
534 649
446 475
805 276
275 723
836 278
898 190
683 962
761 624
831 771
416 117
470 997
28 40
449 593
697 616
31 976
923 310
76 330
91 448
821 851
590 900
693 62
897 752
315 91
368 760
296 56
405 489
339 888
110 898
963 240
492 215
784 589
104 96
510 259
549 679
867 75
709 341
210 234
31 742
311 121
495 650
876 751
967 197
917 349
139 240
987 456
671 285
447 550
143 416
372 735
698 875
713 380
830 537
110 880
234 357
403 450
504 775
994 958
437 283
598 672
831 405
336 668
887 72
630 393
171 366
869 459
383 813
109 677
459 304
730 766
965 218
167 517
191 690
208 502
817 872
104 623
910 992
821 410
855 562
421 116
254 856
505 860
861 601
601 902
24 762
558 332
686 155
956 819
897 808
657 547
987 306
466 968
209 501
7 369
83 649
716 872
469 296
240 653
428 100
911 733
859 64
468 172
620 639
786 249
482 691
250 531
221 453
496 720
660 914
896 958
726 649
567 735
156 545
770 196
126 787
937 207
324 817
237 777
944 125
171 653
41 867
255 566
140 894
540 269
143 941
102 190
839 932
79 13
944 336
546 360
579 777
482 819
854 168
374 244
601 400
267 761
267 443
208 158
583 1
267 313
807 956
142 947
687 543
698 627
1000 539
228 716
807 656
903 716
971 945
505 376
587 373
976 688
611 940
466 107
814 236
564 336
71 68
846 479
260 73
353 539
824 184
1 765
665 49
237 332
96 548
31 585
610 387
802 408
216 404
659 294
82 863
611 405
625 613
137 462
532 585
7 296
15 350
87 14
261 235
764 888
980 322
124 581
539 360
305 506
724 248
806 516
690 361
442 980
105 42
718 509
931 572
654 438
910 24
192 145
195 199
21 709
164 822
212 805
518 241
51 447
567 324
64 262
734 288
447 128
462 182
368 47
215 369
264 591
648 435
368 617
932 655
512 849
395 630
427 393
987 100
896 868
525 657
371 704
588 366
961 553
689 420
859 907
588 573
606 376
119 878
679 632
559 789
311 819
50 94
335 328
306 263
887 338
955 206
488 689
138 73
359 493
848 645
275 417
484 888
807 400
180 830
860 360
698 242
633 162
335 925
966 666
568 788
945 322
469 732
695 685
619 656
673 579
228 614
586 40
137 876
24 310
391 985
1000 180
41 884
645 703
224 621
753 371
5 460
222 226
429 161
301 233
81 186
76 186
195 369
528 737
788 67
155 934
532 407
859 326
477 152
250 561
935 970
319 145
403 483
161 635
194 787
18 978
630 441
437 373
54 614
217 335
631 278
229 644
136 609
60 653
317 244
392 243
194 963
993 14
429 902
766 582
194 35
529 564
701 123
468 664
729 867
382 247
695 483
369 644
671 150
468 591
980 941
704 13
191 78
234 269
215 858
894 805
690 36
2 115
304 443
413 340
167 385
370 440
76 519
797 32
922 739
881 105
823 388
881 639
469 290
881 631
451 468
583 204
173 501
590 147
383 160
956 550
11 517
904 668
232 20
996 669
986 672
934 644
64 706
468 736
407 72
51 595
232 479
636 388
337 19
559 367
932 880
894 644
759 380
392 43
140 433
898 562
315 979
596 303
306 833
727 594
905 578
767 299
351 390
304 292
707 145
732 968
372 313
157 779
759 85
674 212
743 177
103 177
764 512
206 241
812 221
295 25
930 901
804 656
172 635
570 252
475 190
391 477
825 690
571 594
557 135
230 644
157 882
705 863
742 827
389 931
993 878
625 844
847 102
169 912
704 801
103 999
964 274
339 931
385 644
176 685
570 502
294 795
17 852
456 707
11 934
348 271
762 376
451 414
500 271
324 647
315 357
923 166
659 654
652 356
210 5
598 122
943 708
636 286
83 624
669 462
710 525
485 642
379 200
760 880
575 649
117 918
521 319
184 765
258 581
971 290
343 600
280 239
432 679
424 920
573 950
410 755
318 753
695 648
212 583
956 691
128 872
584 67
280 917
704 895
855 157
818 838
789 203
504 585
647 121
996 27
951 757
990 602
351 868
981 913
230 430
889 971
191 638
22 152
378 387
737 129
748 333
946 170
882 614
465 885
386 32
282 909
929 177
255 967
535 790
211 60
842 491
814 253
760 258
201 526
833 401
231 681
764 96
698 863
295 420
908 436
937 67
229 532
323 582
648 242
42 767
60 758
429 269
626 323
642 680
226 217
619 781
87 330
572 862
832 361
371 332
522 575
199 870
718 422
48 787
719 200
217 337
96 500
413 59
582 43
438 898
773 543
468 391
531 419
839 262
977 612
713 426
817 281
977 717
563 242
163 608
725 979
84 297
877 519
115 616
452 872
457 373
439 601
460 827
209 658
784 743
25 163
209 263
693 163
559 555
712 247
514 754
576 997
268 608
505 875
432 318
695 833
951 369
423 853
392 776
834 621
176 885
746 64
218 308
324 191
880 200
766 623
438 116
237 392
222 719
324 485
431 979
377 548
153 264
477 540
229 943
926 755
980 755
989 189
656 411
75 602
529 814
188 614
128 902
860 134
963 766
704 907
84 144
415 684
803 104
774 4
485 243
311 751
148 501
969 141
660 898
376 515
965 644
355 40
720 418
126 801
596 177
19 327
954 248
151 781
432 62
99 999
175 34
717 152
996 614
930 882
636 860
618 922
939 353
778 460
68 434
604 296
302 647
832 307
138 760
313 571
640 852
27 205
503 558
961 72
973 256
986 338
652 747
656 837
201 732
861 905
293 38
702 644
428 105
801 532
596 947
659 7
553 243
806 32
18 596
908 412
897 384
620 859
414 666
24 806
721 337
854 761
82 796
143 858
839 417
920 279
88 509
153 858
213 30
828 735
513 900
797 390
676 75
122 925
2 601
745 621
109 980
300 172
855 154
302 832
834 644
381 550
267 886
961 902
224 97
12 737
744 683
103 235
224 672
620 524
250 572
272 473
466 54
463 513
460 958
41 125
38 465
764 342
523 578
774 571
514 61
171 566
488 460
831 471
808 107
861 822
961 283
313 706
237 409
655 958
885 323
470 655
691 947
999 601
457 613
957 524
497 967
556 558
899 4
988 683
480 61
952 401
245 143
837 872
518 37
825 219
746 263
748 132
151 305
759 60
561 787
999 906
804 586
746 951
381 658
455 602
198 553
445 364
529 149
767 450
192 101
549 827
240 206
142 116
847 725
278 800
363 179
398 47
395 484
693 821
17 54
836 316
22 723
322 918
227 401
726 537
124 635
814 611
994 32
194 599
201 751
797 566
29 161
884 73
621 362
187 742
908 210
368 343
708 763
38 236
659 968
230 753
60 712
626 690
188 269
496 168
496 440
945 781
818 64
464 121
619 423
403 756
467 313
70 292
890 249
898 107
744 568
450 509
628 811
881 550
311 796
780 862
512 789
28 963
228 677
802 61
429 166
110 728
195 551
297 93
28 77
458 642
654 630
454 182
521 816
194 715
900 572
6 4
264 35
11 556
768 933
100 369
748 436
908 386
505 274
850 422
710 33
737 603
771 728
336 829
960 472
114 658
673 942
130 863
541 560
351 893
263 54
478 896
743 819
531 546
257 819
959 416
47 827
2 603
756 479
804 709
996 865
396 707
674 723
126 868
719 217
161 406
686 56
130 309
103 128
284 388
565 147
501 813
557 50
529 930
618 416
275 475
448 516
587 908
216 182
887 337
937 453
832 771
545 419
858 32
735 767
221 65
91 834
250 327
711 252
850 599
930 402
638 83
988 360
22 4
818 523
693 157
245 102
804 206
603 579
294 542
761 797
363 206
967 366
312 993
153 835
217 499
90 706
959 497
129 256
90 658
972 502
573 649
175 283
429 309
339 340
438 316
273 204
448 878
47 699
467 668
636 682
280 546
768 672
760 791
686 544
671 102
141 450
398 512
961 303
25 78
913 303
514 506
113 950
695 191
175 547
