1000 10000
708 514
708 899
708 828
708 4
708 806
708 681
708 544
708 910
708 54
708 264
986 315
986 205
986 744
986 163
986 466
986 993
986 208
986 392
986 415
986 25
131 45
131 615
131 174
131 52
131 37
131 886
131 849
986 131
131 202
131 98
782 722
782 741
782 296
782 140
782 728
782 141
782 353
782 490
782 579
782 947
665 982
665 855
665 538
665 241
665 885
665 308
665 274
665 101
665 584
665 827
144 278
144 616
144 813
144 900
144 383
144 47
144 765
144 935
144 985
144 422
258 459
258 621
258 406
258 965
258 970
258 435
258 419
258 951
258 243
258 472
223 255
223 86
223 175
223 157
223 445
223 98
223 89
223 314
223 566
223 564
736 476
736 26
736 240
736 97
736 621
736 227
736 924
736 760
736 331
736 139
327 142
327 371
327 369
327 903
327 27
327 851
327 319
327 494
327 998
327 257
417 776
417 633
417 974
417 455
417 672
417 363
417 18
417 988
417 70
417 303
608 376
608 350
608 93
608 213
608 123
608 542
608 77
608 283
608 189
608 390
402 278
402 356
402 682
402 454
402 508
402 87
402 309
402 884
402 253
402 667
305 869
305 938
305 849
305 1000
305 506
305 787
305 27
305 473
305 827
305 339
809 511
809 183
809 477
809 704
809 225
809 569
809 336
809 690
809 137
809 29
312 8
312 582
312 712
312 46
312 516
312 225
312 332
312 99
312 34
312 584
88 468
88 913
88 55
88 259
88 540
88 647
88 653
88 11
88 601
88 196
193 47
193 820
665 193
193 626
193 518
193 184
193 361
193 309
193 856
193 28
615 730
615 299
258 615
615 789
615 394
615 741
615 761
615 519
615 624
615 119
208 317
208 735
208 41
208 485
208 566
305 208
208 746
208 873
208 285
208 68
708 856
856 537
856 107
856 672
856 182
856 914
856 546
856 805
856 474
856 135
247 642
247 689
247 159
247 302
247 174
312 247
247 150
247 251
247 444
247 61
214 10
214 6
214 146
214 867
214 803
214 210
214 710
214 543
214 257
214 251
821 486
821 332
821 553
821 32
821 55
821 714
821 579
821 419
821 230
821 698
505 127
505 363
505 183
505 364
505 286
505 589
505 712
505 217
505 230
505 457
618 288
618 811
618 110
618 2
618 4
618 776
618 301
618 553
618 906
618 628
28 672
214 28
28 257
28 803
28 751
28 796
28 366
28 724
28 267
28 682
407 309
407 750
407 799
407 916
407 873
407 832
407 460
407 19
407 240
407 675
4 518
4 862
4 340
4 353
4 424
4 467
4 310
505 4
4 429
4 697
767 937
767 290
767 730
767 361
767 563
767 721
767 253
767 145
767 582
767 522
839 544
839 369
839 72
839 503
839 242
839 157
839 610
839 739
839 147
839 726
953 415
953 301
953 788
953 293
953 322
953 262
953 864
953 384
953 155
953 196
322 287
322 667
322 707
322 897
322 486
322 506
322 504
322 639
322 866
322 181
744 907
744 113
744 858
744 671
744 461
744 545
744 518
744 68
744 427
744 271
197 260
197 592
197 32
197 687
197 97
197 465
197 781
197 325
197 844
197 14
48 347
48 240
48 61
48 690
48 928
48 820
48 326
48 586
48 498
48 130
125 617
125 6
125 696
125 590
125 825
125 485
125 383
125 472
125 379
125 315
397 770
397 177
397 574
397 5
397 56
397 116
397 718
397 45
397 160
397 257
560 21
560 507
560 395
560 997
560 872
560 795
560 6
560 683
560 365
560 949
881 427
881 185
881 165
881 334
839 881
881 350
953 881
736 881
881 706
881 835
455 974
455 372
455 99
839 455
455 292
455 649
455 535
455 503
455 285
455 757
951 246
951 190
951 517
951 719
951 130
736 951
951 245
951 904
951 671
951 772
744 965
965 449
965 406
402 965
965 141
965 218
965 506
965 927
965 420
965 387
968 362
968 571
968 141
968 511
968 908
968 361
968 183
968 12
968 843
968 683
36 650
36 69
36 167
36 759
36 581
36 386
36 994
36 365
36 100
36 1000
710 216
710 972
710 495
710 508
710 556
710 107
710 946
710 414
710 846
710 311
921 60
921 633
921 236
921 219
921 510
921 114
921 527
921 506
921 734
921 691
362 157
362 695
362 931
362 673
362 676
362 816
362 843
362 226
362 165
362 783
501 429
501 353
501 205
501 267
501 506
501 690
501 168
501 14
501 878
501 676
271 213
271 440
271 940
271 854
271 845
271 721
271 251
271 713
271 387
271 704
496 56
496 914
496 344
496 275
496 648
496 23
496 893
496 691
496 955
496 91
153 676
153 627
153 427
153 71
153 709
153 119
665 153
153 530
153 543
153 207
204 1000
204 629
953 204
881 204
204 35
204 52
204 732
204 64
204 612
204 725
996 802
996 378
996 648
996 373
996 273
247 996
996 925
996 609
36 996
996 930
246 584
246 837
246 213
246 418
246 649
246 117
246 673
246 831
246 276
246 186
873 984
873 755
873 613
873 115
873 286
873 672
873 416
873 701
873 71
873 930
196 728
196 130
196 115
196 830
196 923
196 444
196 408
196 207
196 297
196 191
49 725
49 182
49 80
608 49
49 852
49 161
49 437
49 133
49 466
49 548
253 481
253 675
253 134
208 253
253 471
253 263
253 885
253 825
253 784
253 646
919 25
919 147
919 695
919 148
919 656
919 741
919 936
919 317
919 808
919 628
281 2
281 25
281 636
281 207
281 113
281 611
417 281
281 74
281 477
281 468
44 118
44 381
44 69
44 120
44 730
44 517
44 114
44 776
44 754
44 308
318 510
318 813
318 537
318 512
318 576
318 187
318 580
318 319
318 814
318 937
913 115
913 116
913 864
913 331
913 831
913 956
913 520
913 776
312 913
913 584
797 863
797 416
797 237
797 130
797 447
797 950
919 797
797 273
797 477
797 343
273 404
273 515
273 941
273 747
273 955
273 130
273 684
271 273
273 911
273 115
916 752
916 747
916 912
916 628
916 814
916 102
916 323
916 415
916 985
916 972
774 667
48 774
774 218
774 901
774 531
774 319
774 969
774 492
774 739
774 826
3 983
3 224
3 185
3 623
3 914
3 788
3 781
3 934
3 783
3 498
111 899
111 218
111 130
362 111
111 653
111 491
111 852
111 779
111 847
111 814
26 580
26 395
26 487
26 441
26 742
26 426
26 47
281 26
26 895
26 262
405 191
405 613
405 751
405 524
405 358
405 600
405 299
405 985
405 205
405 997
624 105
624 132
624 393
624 315
624 742
624 425
624 497
624 50
624 579
624 629
422 243
422 72
422 298
422 848
422 161
422 174
422 557
422 185
422 976
422 705
412 34
412 879
412 87
412 288
412 920
412 822
412 348
412 947
412 17
412 998
603 771
603 321
603 355
603 866
603 270
247 603
603 647
603 800
603 668
603 136
953 698
698 121
698 393
698 894
698 811
698 171
698 655
698 903
402 698
698 696
392 753
392 670
996 392
392 167
392 483
392 795
392 932
392 896
392 614
392 648
297 380
297 80
297 375
297 250
297 485
297 499
297 6
297 899
297 143
362 297
774 270
270 414
270 943
270 69
270 506
270 413
270 395
270 391
48 270
270 576
595 84
595 7
595 167
595 528
595 984
595 541
595 41
595 835
595 134
595 799
1 833
1 55
1 345
1 746
1 538
1 888
1 503
1 403
1 890
1 958
214 711
711 678
711 853
711 898
711 658
711 431
246 711
711 230
711 755
711 99
872 769
872 735
872 766
872 113
872 513
872 91
872 932
281 872
872 697
872 290
322 805
805 715
417 805
805 932
805 914
805 294
805 143
805 641
805 440
805 679
150 602
150 714
362 150
708 150
150 621
150 701
150 654
150 938
150 216
150 846
821 11
11 231
11 581
11 21
150 11
11 145
11 447
11 962
11 795
11 824
606 331
606 663
606 807
606 855
606 19
606 231
606 459
606 713
606 817
606 418
835 352
835 893
835 10
835 961
835 206
835 70
835 475
835 361
835 906
835 621
936 740
936 245
936 807
936 671
936 895
936 952
936 276
936 220
936 481
936 33
300 907
300 77
300 184
300 337
44 300
300 15
300 859
300 751
300 925
300 876
973 633
973 980
973 912
973 457
973 631
973 792
973 436
973 217
973 376
973 705
834 788
834 857
834 229
834 570
834 206
834 509
834 735
834 551
834 668
834 168
857 823
857 582
857 438
857 363
857 765
857 482
857 143
857 790
857 394
857 376
123 545
123 645
123 329
123 9
123 793
123 83
123 168
123 262
123 671
123 134
380 220
380 424
711 380
380 426
380 976
380 975
380 78
380 86
380 101
380 627
76 706
76 314
76 940
76 309
76 943
76 674
76 538
76 692
76 250
76 620
708 530
530 192
144 530
530 694
782 530
530 317
530 500
530 750
530 158
530 683
682 251
682 53
682 650
682 284
682 739
682 540
682 467
318 682
682 432
682 948
111 658
658 381
658 565
658 346
658 495
658 342
658 340
658 433
658 299
658 915
869 503
869 183
869 654
869 676
869 24
869 68
869 687
869 252
869 438
869 778
498 409
498 529
498 769
498 370
498 83
498 827
498 345
498 50
498 112
498 326
62 726
62 175
62 964
62 787
62 148
62 263
711 62
62 993
62 894
62 907
576 908
576 174
576 215
576 200
576 109
576 112
857 576
576 652
576 288
603 576
534 864
534 469
281 534
534 659
534 959
534 904
534 171
534 636
534 361
534 980
84 99
48 84
84 56
84 757
84 18
84 240
84 946
84 52
84 605
84 928
98 549
98 810
98 462
1 98
3 98
98 59
98 590
98 895
98 352
98 303
850 20
125 850
850 725
850 667
850 575
850 976
850 230
850 611
850 477
850 703
218 306
218 961
496 218
218 786
218 128
218 897
218 340
412 218
218 585
218 754
62 617
617 945
617 462
617 423
617 803
617 838
595 617
617 287
617 647
617 429
489 443
489 943
489 213
489 924
489 289
489 136
489 295
973 489
489 630
489 115
48 796
796 132
796 553
796 510
881 796
796 21
796 519
796 933
796 363
796 855
901 146
901 235
901 215
901 180
901 824
901 638
901 323
901 882
901 393
901 717
375 363
375 604
375 374
496 375
375 104
375 778
375 368
375 930
375 222
375 216
266 555
266 972
266 523
266 666
266 931
266 227
266 195
266 241
266 143
266 999
482 97
482 655
482 324
482 922
482 323
482 714
482 803
482 833
482 329
482 126
450 600
450 284
144 450
450 686
153 450
450 191
450 520
450 138
450 5
450 12
519 139
519 161
519 309
519 451
322 519
397 519
519 554
519 581
519 826
519 600
873 433
433 798
433 373
433 625
433 967
433 17
433 19
433 552
433 875
433 119
632 43
632 479
632 64
632 249
632 766
632 754
632 225
632 52
632 867
632 162
940 24
940 17
940 706
940 972
940 541
940 437
940 954
940 311
940 791
940 481
148 431
148 160
148 769
148 316
148 94
247 148
148 257
148 843
148 387
148 719
490 500
490 241
490 320
501 490
490 938
490 572
490 282
490 523
88 490
490 124
246 185
153 185
185 997
185 175
185 528
247 185
185 697
185 382
185 493
185 934
115 52
115 643
744 115
115 19
115 38
115 847
115 564
115 39
115 420
595 115
833 276
833 537
833 926
833 812
797 833
375 833
3 833
833 86
214 833
833 471
528 181
528 145
528 168
528 330
528 435
528 903
528 426
528 373
528 931
528 307
684 964
684 29
684 864
684 777
684 454
684 255
684 485
684 740
684 578
684 705
247 317
317 847
36 317
317 584
317 772
317 923
317 275
317 674
317 341
317 41
43 292
43 764
43 236
43 664
43 175
43 963
43 741
43 243
43 828
43 804
27 100
27 175
27 396
27 761
27 240
27 294
27 950
27 72
973 27
27 855
690 590
682 690
690 77
690 564
43 690
690 852
690 699
690 944
690 259
690 816
319 915
936 319
319 155
319 552
319 437
319 179
319 654
319 706
319 567
869 319
142 419
142 425
142 384
142 633
142 396
142 906
142 316
142 934
142 855
142 949
433 802
802 459
802 966
802 354
802 769
802 59
802 730
193 802
802 555
802 233
244 20
244 946
519 244
244 587
244 743
244 961
244 146
244 652
244 795
244 734
752 679
752 649
752 506
752 815
752 359
752 861
752 759
752 871
490 752
752 479
149 355
149 756
149 442
149 882
149 678
149 276
149 926
149 139
149 354
149 909
282 122
282 677
282 989
282 468
282 151
282 635
282 236
282 390
282 255
218 282
931 841
931 399
595 931
931 765
931 108
931 575
931 92
931 672
931 699
931 929
528 391
391 87
391 169
115 391
391 471
405 391
391 787
84 391
300 391
391 985
252 874
252 768
252 439
252 416
252 785
252 114
252 614
252 568
252 731
252 400
489 779
412 779
391 779
197 779
779 323
779 460
779 241
779 831
779 487
779 909
617 795
795 369
795 807
795 818
795 884
795 716
795 846
795 261
795 842
795 336
946 584
946 572
946 230
946 513
946 158
946 497
946 354
407 946
946 367
946 884
967 419
967 227
967 396
967 804
967 462
214 967
967 497
967 245
967 570
967 696
213 105
213 409
213 260
213 435
213 714
213 988
213 221
213 277
213 650
213 491
540 535
540 194
540 448
540 452
540 686
540 945
540 975
540 99
951 540
540 436
384 301
384 756
384 536
384 898
422 384
384 949
253 384
196 384
384 306
384 292
684 136
136 368
136 267
136 338
136 440
136 243
136 638
136 719
136 445
136 705
576 928
928 792
928 481
928 880
928 678
928 377
928 426
928 174
928 331
928 480
685 7
685 644
921 685
685 120
685 584
685 139
685 636
685 209
685 103
685 294
873 607
607 418
607 862
607 388
607 731
607 348
607 630
607 598
607 628
607 701
348 306
348 343
348 167
348 19
348 532
348 452
348 536
348 949
348 289
348 484
228 984
228 38
228 705
228 64
228 308
228 862
228 563
228 590
228 466
228 225
70 86
70 943
70 35
70 958
70 37
70 644
70 227
70 139
70 723
185 70
789 557
789 692
789 651
789 426
789 183
789 979
789 364
789 323
789 177
789 904
144 824
824 302
824 662
824 944
824 206
824 692
824 755
824 543
824 800
824 80
78 972
78 526
78 180
779 78
834 78
78 189
78 369
78 787
78 431
78 415
488 389
488 393
488 101
488 649
488 353
488 654
488 536
488 447
488 740
632 488
851 379
851 679
530 851
247 851
682 851
851 395
851 398
851 104
767 851
851 286
26 513
513 529
513 487
513 896
513 970
513 220
513 723
513 212
513 445
824 513
383 509
383 61
383 504
383 387
383 600
603 383
383 521
383 177
383 175
383 978
416 783
416 278
416 924
416 211
416 239
416 853
416 164
416 284
416 217
416 210
591 788
591 648
591 460
48 591
591 720
591 844
856 591
591 250
223 591
591 279
547 441
547 337
547 763
547 841
547 177
547 628
547 121
547 225
547 358
534 547
299 578
299 283
299 633
682 299
299 988
299 440
690 299
422 299
299 492
624 299
774 877
877 998
877 717
877 777
877 206
877 569
877 104
877 472
877 344
877 24
53 356
53 664
53 852
53 361
53 304
53 561
53 653
53 314
53 249
244 53
290 332
290 439
290 976
290 594
821 290
290 830
290 957
290 587
290 102
528 290
661 616
661 6
661 293
661 672
36 661
661 527
661 376
375 661
805 661
661 64
428 800
428 914
11 428
375 428
428 730
951 428
428 520
428 785
428 929
428 171
326 331
326 568
326 584
197 326
326 155
326 381
326 657
326 275
326 452
326 699
916 251
251 969
251 804
251 483
4 251
251 135
43 251
251 408
251 248
251 807
563 541
851 563
563 286
563 226
563 721
563 884
563 865
563 923
563 905
70 563
475 257
49 475
767 475
475 242
475 679
475 288
475 260
475 935
475 301
475 438
327 212
125 212
212 406
212 741
212 695
53 212
212 526
212 367
540 212
212 923
146 893
417 146
125 146
290 146
193 146
146 80
146 639
146 465
146 143
146 976
934 715
27 934
934 567
934 896
934 176
934 126
934 542
934 492
934 859
934 497
307 808
307 323
307 730
307 419
307 243
26 307
307 733
307 86
307 568
307 545
194 905
194 268
194 461
194 468
194 888
194 55
194 999
194 958
194 302
194 637
543 692
543 35
44 543
543 997
543 732
543 406
543 291
591 543
543 41
543 221
489 511
511 790
153 511
736 511
511 517
511 173
767 511
511 474
511 15
511 298
854 734
854 935
854 80
854 770
854 226
854 201
854 524
854 2
854 712
854 55
146 803
803 313
803 599
803 504
297 803
803 570
803 12
803 262
803 754
803 894
156 8
711 156
156 713
156 119
156 336
348 156
156 876
156 904
779 156
156 5
755 424
755 363
755 8
755 557
755 448
266 755
684 755
755 211
755 460
43 755
827 689
490 827
827 133
827 6
921 827
827 122
827 525
300 827
251 827
827 636
111 846
149 846
846 151
846 702
846 954
846 908
846 730
846 410
846 994
846 138
477 949
477 924
196 477
477 726
477 634
477 499
477 640
477 588
477 742
477 190
693 829
693 709
693 680
693 400
693 274
693 23
693 497
693 806
693 495
693 424
990 960
990 914
990 95
990 918
990 126
990 748
990 992
362 990
990 966
482 990
68 822
68 413
68 487
68 549
68 927
711 68
68 52
68 118
68 807
68 886
769 121
769 24
769 448
769 234
769 943
319 769
769 672
769 981
869 769
769 949
859 440
859 275
859 521
482 859
859 706
859 735
318 859
859 93
859 64
194 859
800 541
416 800
800 908
78 800
800 114
800 559
800 776
800 987
800 225
800 451
513 638
638 66
638 697
48 638
638 569
638 981
638 683
194 638
638 160
638 515
38 243
38 541
38 269
513 38
38 801
38 369
38 599
70 38
38 700
38 415
254 792
254 750
254 657
254 481
254 828
254 594
254 758
254 959
254 999
254 460
480 255
480 278
480 759
769 480
480 339
480 306
480 583
480 295
480 168
480 562
799 418
799 567
799 419
799 716
799 241
799 580
799 510
26 799
799 410
799 316
39 434
39 403
39 571
39 649
39 635
196 39
39 659
39 949
39 647
39 961
488 672
672 849
672 82
672 555
672 283
672 906
690 672
672 141
672 24
672 541
166 948
166 328
166 342
166 105
166 775
166 521
166 357
166 732
603 166
258 166
328 158
328 892
615 328
328 87
328 82
328 900
142 328
682 328
450 328
328 229
940 219
219 338
219 982
219 493
595 219
219 341
219 58
3 219
219 444
219 550
986 643
643 678
643 784
665 643
643 880
821 643
643 616
643 382
643 660
643 102
78 539
539 221
539 458
539 234
539 676
539 59
539 771
43 539
539 966
539 915
946 20
20 19
322 20
20 930
20 574
20 152
150 20
20 47
20 483
20 345
783 171
783 583
783 898
783 568
783 991
783 390
783 599
783 572
783 979
951 783
60 162
60 350
60 215
60 304
60 355
60 155
60 581
60 192
60 45
60 903
2 286
2 533
38 2
2 749
2 763
2 976
2 221
2 189
2 776
2 812
351 714
351 939
212 351
967 351
351 594
351 737
796 351
351 679
351 202
351 639
4 211
211 354
211 891
211 173
211 945
211 134
211 107
123 211
211 517
211 667
23 58
560 23
23 900
834 23
23 760
23 812
23 596
23 681
49 23
23 473
343 838
343 224
246 343
343 546
343 627
343 192
343 864
343 106
477 343
343 189
145 984
145 948
145 838
145 437
145 495
145 712
145 575
145 933
145 344
833 145
162 164
539 162
247 162
162 303
162 40
145 162
162 457
156 162
162 656
162 552
91 814
91 186
91 521
91 651
91 465
91 681
91 759
91 893
91 295
78 91
238 875
835 238
238 151
238 430
881 238
238 587
238 894
238 449
238 604
238 232
856 609
609 786
609 956
609 768
428 609
609 674
609 333
153 609
609 188
609 890
971 171
971 406
971 205
971 107
971 372
971 917
971 403
212 971
971 683
971 207
1000 492
28 1000
1000 526
281 1000
1000 365
1000 798
595 1000
1000 126
1000 697
1000 459
365 939
365 32
365 58
782 365
365 347
365 641
365 662
365 175
365 310
711 365
846 257
428 257
257 731
257 886
257 678
257 619
257 887
257 50
257 74
142 257
784 962
784 202
784 737
784 509
196 784
784 972
784 120
784 344
784 316
784 647
593 932
593 911
593 215
593 81
593 163
593 761
615 593
593 589
297 593
593 826
649 929
649 263
649 957
649 276
779 649
649 507
649 479
649 104
649 517
824 649
941 739
941 763
941 712
941 949
941 536
941 984
941 648
941 588
941 791
941 574
308 95
308 167
593 308
560 308
308 393
308 993
308 819
308 641
308 818
251 308
343 85
85 939
85 137
85 457
3 85
85 178
85 474
85 738
85 512
85 845
365 740
740 917
615 740
281 740
740 518
740 141
254 740
223 740
44 740
740 354
213 871
871 524
871 463
375 871
871 411
871 46
871 241
871 462
111 871
48 871
124 508
196 124
124 59
270 124
124 321
124 371
124 995
254 124
124 541
416 124
810 425
810 268
810 640
194 810
810 139
810 47
530 810
810 411
827 810
810 580
198 336
198 216
198 398
198 439
198 371
698 198
198 950
198 523
198 155
198 700
702 830
702 143
702 341
702 709
702 751
702 190
702 768
702 130
967 702
702 811
218 778
193 778
778 999
778 352
778 21
778 958
778 594
778 160
778 794
778 932
147 719
968 147
219 147
271 147
147 650
147 71
147 151
433 147
475 147
147 109
855 347
855 200
855 24
855 920
855 109
855 446
855 656
855 889
300 855
643 855
661 788
788 738
788 67
824 788
788 364
244 788
788 161
788 960
405 788
788 221
507 640
507 472
507 701
257 507
197 507
507 313
507 731
507 890
769 507
213 507
273 847
208 847
847 277
847 222
847 964
847 655
847 96
847 995
847 472
847 733
738 830
738 886
738 895
738 183
839 738
197 738
738 202
150 738
738 567
738 154
152 163
218 152
152 469
152 639
152 230
152 751
319 152
204 152
152 642
152 100
423 15
423 154
423 918
423 895
855 423
423 274
423 16
423 956
423 396
423 188
540 276
276 568
2 276
276 370
276 811
276 976
276 410
276 806
827 276
276 742
310 121
310 265
310 382
755 310
310 670
310 648
310 801
310 419
310 429
941 310
750 120
693 750
750 106
750 141
855 750
428 750
750 793
750 117
750 984
750 203
1 734
734 386
734 883
734 930
734 763
734 272
734 991
734 706
934 734
734 557
5 389
5 190
144 5
5 585
5 259
603 5
5 949
859 5
5 551
5 688
973 494
494 278
649 494
494 692
152 494
496 494
494 298
494 961
494 875
494 486
141 815
141 97
141 694
141 610
141 268
141 277
141 221
738 141
141 903
141 518
607 289
913 289
289 67
289 812
289 315
289 574
289 763
289 945
289 361
618 289
342 220
342 717
342 265
342 763
342 601
146 342
489 342
342 983
342 761
342 447
504 462
504 843
504 175
257 504
504 45
504 398
504 105
60 504
271 504
504 267
144 725
725 709
115 725
725 853
725 721
725 943
624 725
725 707
725 764
725 524
874 670
874 69
319 874
874 58
874 177
874 907
874 234
874 174
62 874
607 874
211 675
675 849
675 179
675 65
675 64
675 771
675 86
675 718
675 449
3 675
410 108
410 481
251 410
410 463
624 410
410 572
410 561
410 389
410 957
410 760
173 86
173 915
62 173
36 173
173 174
173 929
173 884
173 903
173 817
173 695
183 189
183 887
183 876
183 564
183 444
183 587
800 183
183 989
183 202
607 183
644 602
644 400
156 644
644 628
644 817
644 720
644 302
644 355
698 644
644 340
103 425
103 717
103 703
505 103
103 132
103 280
103 195
103 554
103 59
48 103
287 344
287 448
327 287
851 287
310 287
287 699
287 41
287 550
287 943
490 287
666 415
666 233
666 67
528 666
666 636
666 688
666 421
839 666
666 10
666 634
249 301
249 29
249 25
796 249
249 818
249 880
249 82
249 585
249 651
249 349
299 911
3 911
874 911
911 374
850 911
911 559
576 911
911 814
911 732
911 113
434 689
434 71
162 434
434 452
434 653
501 434
434 907
434 794
434 418
434 158
84 646
646 751
646 454
125 646
850 646
646 217
646 988
646 670
646 114
646 832
171 311
171 508
911 171
171 532
254 171
171 980
171 163
171 485
171 997
171 939
865 584
865 988
865 619
865 553
865 695
865 118
865 302
317 865
865 431
865 260
325 474
325 678
325 379
85 325
644 325
325 794
325 74
325 336
325 879
325 109
55 578
55 793
55 456
55 323
55 948
392 55
55 61
55 959
55 895
55 730
921 830
830 389
830 704
830 330
830 565
830 890
810 830
830 452
830 157
830 668
717 651
717 355
717 876
717 200
717 559
717 301
196 717
717 424
98 717
271 717
437 14
437 565
437 896
437 604
437 275
774 437
437 15
276 437
437 161
26 437
828 914
828 69
828 714
615 828
828 812
872 828
828 763
828 780
828 906
828 597
827 370
23 370
370 864
370 580
370 34
370 403
78 370
300 370
370 293
370 544
437 205
205 267
417 205
205 754
205 457
708 205
205 61
205 561
205 64
205 719
406 21
406 192
406 413
406 918
406 360
406 509
406 393
406 845
406 119
702 406
986 764
764 169
764 63
764 806
764 535
20 764
764 192
764 999
764 588
764 386
615 926
926 689
926 267
428 926
1 926
98 926
926 924
342 926
926 356
926 134
541 445
541 134
541 291
3 541
541 583
541 108
541 726
541 22
541 988
541 899
462 333
462 337
462 510
540 462
767 462
462 304
462 573
462 157
462 581
462 503
108 168
171 108
108 804
108 119
307 108
108 935
108 571
797 108
108 280
108 671
805 491
491 139
491 104
491 922
491 531
491 50
491 747
491 225
491 378
491 786
351 786
786 756
23 786
786 393
786 819
786 59
911 786
36 786
786 626
786 182
337 74
337 255
337 341
337 283
405 337
337 515
337 719
337 794
144 337
337 891
951 118
118 964
118 192
118 886
118 189
118 93
118 424
118 625
85 118
219 118
542 448
542 42
725 542
542 518
968 542
541 542
542 766
542 569
542 599
542 897
169 13
169 485
185 169
169 446
169 616
169 97
300 169
169 566
108 169
828 169
935 819
935 825
935 165
251 935
752 935
935 508
124 935
935 485
11 935
935 517
456 335
784 456
456 976
456 577
456 356
456 446
252 456
456 815
456 460
456 418
786 629
629 457
871 629
629 841
629 158
629 188
865 629
629 989
370 629
629 546
695 634
326 695
695 385
695 210
869 695
695 669
695 229
695 733
695 975
695 763
981 849
786 981
981 222
981 898
981 74
981 261
981 466
981 829
981 158
27 981
674 66
674 564
800 674
417 674
287 674
674 133
78 674
405 674
365 674
674 724
642 943
417 642
642 453
642 256
642 980
642 723
642 567
642 472
563 642
642 460
180 6
180 623
180 237
180 221
940 180
519 180
180 298
180 143
180 876
180 329
972 217
972 447
337 972
111 972
972 170
972 420
310 972
490 972
519 972
972 677
668 182
668 99
668 414
881 668
668 900
668 903
513 668
668 631
668 306
668 22
486 440
881 486
486 818
486 231
486 138
115 486
486 933
486 683
28 486
486 177
78 616
616 120
616 344
494 616
642 616
27 616
370 616
616 398
616 957
616 234
46 51
46 704
46 476
46 637
869 46
46 75
46 716
802 46
402 46
46 341
209 754
496 209
857 209
270 209
209 885
209 403
209 765
351 209
209 8
209 707
425 958
425 83
337 425
425 845
425 894
425 263
425 829
839 425
425 69
425 232
554 93
554 565
554 522
2 554
554 587
554 908
554 94
554 200
554 311
554 268
68 367
367 52
367 61
367 622
367 749
367 79
367 99
367 155
367 165
367 812
339 464
153 339
339 772
433 339
339 200
339 701
339 346
339 754
339 426
339 944
16 832
708 16
156 16
27 16
16 724
16 30
16 332
16 776
16 910
196 16
240 280
240 957
595 240
209 240
666 240
240 481
240 549
809 240
240 471
240 657
912 745
153 912
271 912
912 220
931 912
912 875
289 912
912 700
912 227
912 727
336 815
336 776
336 448
336 613
336 334
734 336
336 861
336 635
336 395
336 41
886 743
886 952
886 575
855 886
530 886
886 65
5 886
247 886
886 596
886 529
538 306
769 538
538 723
541 538
538 829
764 538
538 602
616 538
339 538
348 538
718 163
595 718
718 580
718 900
149 718
317 718
718 994
718 585
718 768
142 718
219 730
730 421
730 987
730 669
125 730
730 776
730 822
351 730
482 730
730 492
788 275
275 9
275 831
275 236
275 749
809 275
275 686
275 747
275 100
275 510
32 765
661 32
32 444
111 32
608 32
32 561
32 114
32 424
32 992
32 806
159 495
55 159
159 660
159 356
159 97
519 159
159 192
504 159
782 159
873 159
339 294
294 57
294 71
294 411
294 435
294 705
946 294
70 294
294 154
294 677
127 508
127 50
127 985
127 446
127 366
881 127
127 217
127 377
127 105
682 127
553 565
553 320
553 158
553 570
553 861
553 280
53 553
553 157
553 452
124 553
668 424
424 631
318 424
424 739
424 550
424 701
859 424
424 754
424 285
247 424
654 663
654 673
931 654
654 114
654 904
654 584
654 742
654 691
654 879
654 885
136 175
175 611
730 175
778 175
175 975
115 175
175 780
175 768
175 612
175 221
939 691
939 386
939 302
238 939
939 243
183 939
850 939
939 937
919 939
939 948
912 190
190 335
190 280
190 964
965 190
20 190
190 255
810 190
563 190
190 444
609 460
4 460
322 460
786 460
460 461
460 780
460 119
764 460
460 107
901 460
649 692
847 692
692 583
692 447
973 692
692 373
26 692
16 692
593 692
692 863
634 866
397 634
634 515
85 634
166 634
634 870
634 243
5 634
44 634
634 917
480 932
668 932
78 932
932 241
788 932
932 320
698 932
932 14
932 285
871 932
820 860
820 267
873 820
820 656
820 426
820 663
194 820
820 323
820 372
820 974
745 230
745 948
872 745
745 74
209 745
702 745
745 400
939 745
745 893
629 745
126 346
126 558
126 95
126 140
126 117
986 126
126 436
126 832
144 126
475 126
933 158
162 933
933 636
351 933
685 933
126 933
933 331
933 260
933 876
933 510
335 724
335 580
335 601
335 429
335 897
335 324
335 991
642 335
335 962
108 335
923 678
923 493
923 585
923 451
923 959
923 121
923 676
923 415
923 958
923 757
999 395
971 999
999 845
999 942
999 883
999 853
999 163
540 999
999 355
251 999
609 419
419 135
419 533
205 419
932 419
419 837
419 578
417 419
419 59
419 215
798 311
750 798
228 798
798 766
798 514
798 516
108 798
190 798
392 798
608 798
269 749
820 269
269 883
795 269
269 969
325 269
269 267
269 274
269 461
269 918
451 908
249 451
451 283
451 30
451 625
451 393
451 321
451 224
451 133
451 840
918 18
918 722
918 377
918 230
918 636
918 394
918 812
918 83
918 853
43 918
563 838
838 757
16 838
838 729
190 838
838 667
838 6
838 34
838 413
838 499
19 259
19 360
850 19
19 429
507 19
19 893
798 19
326 19
19 418
19 285
90 474
90 172
253 90
553 90
90 623
90 626
380 90
90 399
90 929
90 444
876 678
876 52
460 876
710 876
876 242
876 18
876 12
876 759
307 876
876 699
923 241
241 268
241 345
241 524
241 151
310 241
642 241
241 361
241 648
241 792
393 822
591 393
159 393
393 396
393 92
213 393
393 86
127 393
393 585
393 688
196 770
770 980
770 267
770 650
770 242
770 25
770 700
194 770
770 963
269 770
585 566
585 195
162 585
642 585
585 25
661 585
585 888
912 585
585 463
585 484
548 515
548 944
548 186
548 556
548 418
548 485
548 301
548 808
548 892
548 905
30 982
30 366
30 772
30 199
911 30
424 30
1 30
30 381
30 889
205 30
330 823
330 119
412 330
330 389
330 688
330 14
330 888
330 958
330 938
282 330
644 368
368 566
368 893
368 66
368 314
368 657
368 279
39 368
368 114
368 670
591 612
612 298
612 265
711 612
612 389
612 133
275 612
612 376
612 255
999 612
366 947
366 537
366 900
169 366
366 681
672 366
366 306
366 771
39 366
366 261
328 929
666 929
684 929
929 909
4 929
711 929
929 982
929 773
967 929
929 815
945 984
851 945
931 945
945 235
945 155
945 592
945 858
945 497
945 440
945 806
428 743
743 843
743 599
743 15
743 976
743 314
380 743
743 449
774 743
289 743
590 22
967 590
740 590
590 463
590 707
590 207
590 354
590 500
590 891
590 502
958 377
958 151
53 958
958 969
971 958
958 210
802 958
958 766
958 222
958 37
321 280
321 995
321 230
321 203
321 96
321 652
39 321
322 321
872 321
971 321
503 756
503 895
503 170
503 739
125 503
503 176
617 503
343 503
503 580
646 503
757 794
769 757
757 54
757 842
141 757
757 195
757 354
757 998
757 829
911 757
38 453
725 453
453 340
453 888
453 291
779 453
453 71
453 600
453 232
453 298
191 116
191 306
191 627
191 671
946 191
191 248
936 191
339 191
554 191
191 900
627 837
282 627
585 627
503 627
183 627
627 733
627 408
450 627
20 627
149 627
400 677
968 400
400 248
400 998
400 790
147 400
400 374
450 400
400 521
400 976
389 862
684 389
389 234
150 389
389 280
389 415
389 645
389 531
190 389
389 952
183 700
700 892
700 887
616 700
325 700
700 216
700 832
700 104
343 700
700 469
562 81
562 449
562 277
562 699
562 220
60 562
562 128
562 889
562 320
562 278
825 723
825 457
825 403
825 978
624 825
825 29
825 905
825 532
825 808
365 825
527 79
527 255
527 879
828 527
527 992
527 293
527 309
2 527
527 101
527 768
106 7
125 106
106 735
881 106
547 106
106 611
106 160
106 474
106 438
11 106
401 963
401 631
401 792
401 390
401 976
401 568
450 401
401 216
967 401
401 748
244 102
102 551
102 552
142 102
102 640
102 518
102 101
590 102
136 102
102 470
341 746
341 878
341 354
341 653
341 721
869 341
918 341
348 341
341 623
923 341
872 667
667 594
667 727
855 667
667 344
642 667
667 853
667 9
271 667
667 459
91 231
318 231
231 97
231 378
231 942
231 272
231 73
231 404
231 761
231 582
526 841
526 42
802 526
526 107
526 63
526 884
213 526
526 641
805 526
526 712
536 352
536 41
536 157
536 597
536 937
536 858
591 536
799 536
730 536
98 536
958 722
1 722
722 245
722 274
667 722
722 234
799 722
722 727
722 888
1000 722
243 264
318 243
834 243
243 868
646 243
175 243
243 867
243 435
243 385
243 465
712 387
712 848
712 390
712 374
712 925
712 906
712 95
712 210
712 202
106 712
286 656
91 286
328 286
534 286
286 478
767 286
286 746
548 286
351 286
702 286
766 293
766 737
766 943
766 628
766 586
786 766
766 589
782 766
766 172
766 15
282 620
784 620
620 52
169 620
620 914
78 620
620 284
620 484
620 18
620 746
638 164
164 699
603 164
527 164
164 105
317 164
164 414
869 164
661 164
164 552
286 442
442 969
442 361
442 369
859 442
442 683
442 952
442 457
442 15
442 577
697 272
661 697
697 651
697 492
343 697
697 210
697 415
697 908
246 697
697 984
44 681
681 57
681 546
681 421
830 681
126 681
681 404
805 681
681 870
300 681
409 101
672 409
409 226
409 285
409 812
409 564
608 409
409 500
409 255
409 955
662 811
838 662
562 662
662 739
149 662
251 662
662 301
662 229
662 237
662 751
916 277
541 277
277 983
277 487
308 277
68 277
799 277
277 604
918 277
367 277
141 233
233 623
779 233
233 323
769 233
233 484
55 233
144 233
233 411
233 741
322 112
112 639
112 792
312 112
147 112
365 112
112 97
112 600
112 135
112 879
304 418
304 714
383 304
304 467
304 551
877 304
304 458
304 791
304 670
147 304
548 72
752 72
76 72
72 255
72 386
820 72
591 72
72 396
72 691
72 187
448 221
448 657
448 676
933 448
448 765
299 448
946 448
448 974
448 461
448 284
13 459
13 864
13 473
13 707
13 25
782 13
13 349
13 161
13 202
766 13
12 463
12 132
12 320
118 12
668 12
743 12
12 7
593 12
12 622
810 12
702 42
42 569
42 888
42 435
710 42
42 500
42 780
42 495
42 34
42 334
109 495
127 109
109 625
109 128
109 37
712 109
136 109
109 381
821 109
877 109
94 388
365 94
94 345
94 647
94 479
94 826
94 848
881 94
94 683
94 747
168 920
384 168
48 168
168 937
271 168
168 445
745 168
168 959
168 143
634 168
837 853
837 309
837 508
782 837
837 293
708 837
837 377
837 760
837 143
380 837
846 74
317 74
74 248
74 978
78 74
74 771
74 21
53 74
74 669
455 74
778 97
97 242
97 21
97 748
142 97
527 97
97 727
317 97
211 97
97 600
532 303
532 509
321 532
477 532
532 302
532 373
111 532
532 350
740 532
12 532
423 221
221 880
221 566
221 472
392 221
221 174
221 345
755 221
221 944
999 221
297 508
508 794
508 155
43 508
508 6
305 508
508 777
591 508
342 508
508 133
410 242
242 334
854 242
734 242
480 242
118 242
242 430
242 466
242 288
242 59
5 731
383 731
731 915
731 195
451 731
731 220
731 858
731 357
731 37
731 555
451 613
276 613
717 613
233 613
613 429
839 613
613 970
613 334
513 613
450 613
736 844
971 844
844 292
750 844
433 844
422 844
844 574
844 225
844 216
844 509
861 655
455 861
624 861
861 801
931 861
646 861
861 584
861 202
534 861
861 863
55 192
643 192
192 670
290 192
78 192
192 927
192 930
668 192
192 659
192 633
514 395
514 92
710 514
514 216
514 858
514 556
514 709
514 285
854 514
514 550
469 73
325 469
770 469
469 107
469 404
98 469
469 29
406 469
469 979
266 469
320 521
833 320
405 320
320 40
320 889
320 980
434 320
328 320
320 516
320 555
72 899
632 899
526 899
899 777
899 298
282 899
899 633
803 899
899 732
899 56
17 199
543 17
17 359
17 552
17 840
17 756
383 17
17 947
613 17
17 660
573 724
573 427
573 915
573 650
854 573
585 573
833 573
166 573
573 546
573 463
694 263
694 987
694 83
490 694
617 694
694 9
694 780
294 694
694 879
694 177
195 785
195 446
491 195
638 195
195 311
195 517
195 551
195 113
195 439
195 611
1000 897
897 982
788 897
897 791
310 897
692 897
897 831
872 897
695 897
897 963
407 83
83 583
83 345
83 468
312 83
83 628
929 83
83 373
308 83
83 742
974 956
318 974
974 787
974 900
974 461
341 974
974 116
974 994
974 949
974 395
262 157
185 262
262 812
453 262
38 262
262 15
262 92
262 177
262 143
424 262
690 884
884 426
928 884
766 884
147 884
884 922
366 884
196 884
193 884
884 6
441 569
441 641
44 441
441 982
441 476
441 6
441 440
672 441
505 441
441 556
583 22
583 829
583 942
583 676
897 583
583 248
583 656
583 264
460 583
583 347
582 229
582 435
582 358
582 952
582 315
582 347
582 468
433 582
582 268
526 582
841 655
841 237
12 841
841 379
841 570
841 622
841 323
841 733
841 938
616 841
480 220
220 898
220 602
220 104
220 580
220 138
220 381
220 680
560 220
123 220
217 772
536 217
217 474
217 724
217 849
185 217
217 905
217 93
49 217
217 158
373 51
662 373
548 373
946 373
337 373
494 373
373 390
145 373
373 997
373 645
334 623
334 347
750 334
46 334
334 259
334 291
334 705
334 739
334 842
334 485
553 639
639 71
494 639
639 446
639 892
755 639
639 903
923 639
543 639
213 639
800 18
194 18
18 105
18 232
18 154
18 633
18 256
18 426
362 18
26 18
389 105
874 105
710 105
837 105
105 359
105 556
83 105
844 105
514 105
391 105
109 359
665 359
359 472
824 359
246 359
503 359
616 359
359 438
359 763
730 359
573 355
127 355
126 355
355 565
926 355
355 801
355 467
217 355
355 236
355 989
666 637
637 959
297 637
637 138
637 129
637 977
637 295
972 637
637 773
582 637
168 687
687 960
687 977
687 882
687 264
687 656
687 597
687 647
244 687
687 446
501 484
526 484
971 484
416 484
484 188
484 40
405 484
484 948
973 484
484 234
880 354
173 880
668 880
859 880
389 880
921 880
880 822
194 880
899 880
148 880
611 529
197 611
611 158
611 544
611 143
480 611
611 500
611 492
60 611
611 226
55 952
952 776
952 960
710 952
453 952
952 414
94 952
952 360
401 952
393 952
596 107
428 596
932 596
162 596
596 927
504 596
965 596
195 596
74 596
596 133
836 948
869 836
643 836
480 836
836 119
836 120
836 493
836 558
11 836
123 836
673 927
673 447
673 679
105 673
228 673
673 50
673 792
673 121
673 523
326 673
932 801
801 714
801 831
801 132
801 894
933 801
801 549
542 801
801 905
83 801
196 186
513 186
238 186
880 186
186 628
186 510
147 186
186 65
257 186
974 186
484 575
575 964
28 575
575 288
911 575
575 306
575 80
195 575
575 829
575 787
811 853
811 688
811 476
811 236
23 811
811 605
105 811
811 167
811 566
469 811
495 723
495 41
233 495
923 495
144 495
495 831
495 57
76 495
359 495
495 476
659 128
659 235
872 659
659 41
659 705
730 659
659 73
103 659
659 264
659 657
687 751
751 989
789 751
751 523
554 751
751 826
751 853
784 751
751 780
941 751
393 132
132 984
132 461
392 132
132 459
799 132
132 210
3 132
132 832
805 132
328 893
755 893
893 920
893 555
616 893
94 893
893 203
893 714
893 65
433 893
218 41
810 41
253 41
736 41
294 41
519 41
770 41
41 206
41 993
41 678
338 840
338 900
338 604
338 188
338 234
548 338
484 338
83 338
338 33
123 338
993 22
993 388
639 993
993 852
880 993
542 993
417 993
993 119
993 75
450 993
124 268
684 268
268 816
268 533
76 268
434 268
268 570
268 7
268 452
310 268
264 63
264 179
264 733
78 264
171 264
264 69
899 264
264 908
264 184
264 523
890 203
890 601
890 167
890 983
321 890
890 852
890 57
971 890
928 890
890 96
483 930
514 483
483 188
981 483
532 483
257 483
318 483
483 302
483 655
498 483
714 466
685 714
423 714
714 867
319 714
714 625
714 134
714 288
714 107
714 995
8 487
318 8
8 163
8 814
681 8
8 957
8 361
362 8
8 265
8 37
804 25
460 804
804 161
804 742
880 804
804 557
49 804
933 804
804 89
197 804
311 556
311 980
311 754
406 311
897 311
311 245
325 311
931 311
153 311
162 311
859 631
631 653
834 631
631 550
672 631
389 631
243 631
631 265
112 631
974 631
46 818
818 431
818 917
367 818
118 818
818 957
27 818
818 726
818 353
818 569
628 133
628 775
628 525
877 628
582 628
968 628
490 628
717 628
628 122
628 364
368 848
973 848
30 848
848 415
848 930
848 754
940 848
854 848
389 848
848 454
538 699
699 403
699 531
699 870
699 586
699 93
205 699
699 691
5 699
682 699
988 677
988 815
988 296
988 61
700 988
988 849
988 134
766 988
391 988
698 988
426 883
426 64
426 184
426 760
426 704
426 67
801 426
426 551
375 426
774 426
145 432
268 432
432 746
890 432
432 645
432 452
432 807
869 432
432 878
697 432
614 436
614 894
804 614
614 895
614 545
342 614
614 719
692 614
614 119
614 922
882 749
882 66
882 250
745 882
882 966
217 882
882 772
871 882
882 427
244 882
550 369
550 179
391 550
550 544
550 382
659 550
550 723
168 550
19 550
550 703
87 807
543 87
212 87
87 165
87 917
305 87
428 87
945 87
281 87
87 427
767 117
351 117
117 24
684 117
131 117
117 570
192 117
117 390
918 117
117 51
517 71
517 600
517 879
517 329
517 439
517 979
517 122
517 760
433 517
517 610
358 444
358 73
358 832
290 358
164 358
257 358
824 358
358 143
144 358
358 381
260 329
212 260
380 260
575 260
260 485
946 260
441 260
260 878
260 985
649 260
154 24
154 520
154 255
154 978
242 154
154 991
154 470
154 187
154 129
341 154
569 589
603 569
262 569
569 664
213 569
18 569
569 210
258 569
569 822
569 785
747 107
576 747
747 25
747 390
262 747
747 122
311 747
747 161
747 605
747 178
622 558
287 622
622 323
622 970
622 93
981 622
98 622
622 75
622 379
505 622
789 983
859 983
983 374
221 983
983 497
159 983
722 983
983 588
946 983
983 40
142 361
361 292
361 723
361 584
361 34
999 361
361 715
294 361
308 361
196 361
991 771
991 908
991 671
667 991
991 737
991 887
722 991
991 775
991 509
981 991
933 237
237 960
237 600
191 237
105 237
3 237
237 438
912 237
237 706
169 237
781 157
781 512
639 781
26 781
781 724
781 819
781 949
890 781
212 781
275 781
417 457
90 457
118 457
457 887
593 457
457 73
457 720
861 457
560 457
457 54
164 948
948 997
948 303
948 381
948 790
941 948
505 948
1 948
198 948
190 948
46 444
585 444
444 399
444 761
111 444
444 421
532 444
335 444
830 444
444 256
230 907
489 230
380 230
397 230
230 89
230 369
782 230
230 100
230 748
714 230
633 172
633 45
633 293
633 737
633 499
633 962
20 633
633 472
455 633
633 429
582 481
481 691
264 481
481 701
481 95
767 481
481 363
117 481
646 481
503 481
834 641
798 641
700 641
85 641
952 641
641 976
641 749
641 724
641 588
367 641
582 472
472 843
750 472
472 906
472 206
472 645
472 522
472 122
472 203
511 472
345 29
345 167
695 345
109 345
345 160
953 345
345 10
345 980
345 760
345 461
299 960
941 960
960 556
960 178
960 525
631 960
241 960
960 636
960 531
960 552
343 234
631 234
884 234
234 408
234 172
918 234
244 234
241 234
234 323
234 510
322 418
418 476
39 418
373 418
257 418
418 864
162 418
743 418
418 388
418 982
837 116
162 116
384 116
36 116
960 116
865 116
368 116
444 116
116 280
722 116
636 959
490 636
636 200
636 474
636 556
636 467
335 636
636 793
636 73
228 636
83 188
590 188
188 589
188 949
188 471
433 188
117 188
188 354
149 188
839 188
817 943
740 817
118 817
817 688
156 817
20 817
32 817
817 842
94 817
817 296
62 378
781 378
378 998
175 378
166 378
358 378
698 378
378 465
30 378
378 34
663 994
631 663
663 680
249 663
49 663
380 663
663 518
764 663
663 812
208 663
705 500
339 705
705 944
705 267
705 579
28 705
705 165
705 33
617 705
335 705
981 239
873 239
239 955
488 239
239 6
239 408
13 239
661 239
239 950
230 239
954 814
693 954
38 954
392 954
266 954
419 954
873 954
312 954
890 954
954 58
700 492
190 492
492 137
740 492
132 492
345 492
492 413
492 551
803 492
492 113
48 537
30 537
537 415
287 537
757 537
526 537
537 22
490 537
550 537
537 81
725 914
882 914
901 914
914 621
936 914
914 350
914 10
637 914
914 390
914 225
397 862
862 203
835 862
636 862
862 992
871 862
97 862
862 529
862 465
611 862
45 440
928 45
45 512
695 45
262 45
45 520
45 506
865 45
277 45
45 858
393 179
156 179
694 179
234 179
827 179
179 226
477 179
124 179
108 179
179 474
414 329
345 414
414 522
414 350
414 733
414 867
414 40
414 379
851 414
153 414
10 793
945 10
10 867
782 10
10 350
10 520
10 167
10 431
636 10
603 10
833 759
759 376
193 759
759 394
759 138
759 206
759 963
759 140
221 759
410 759
690 445
186 445
445 650
310 445
445 140
445 883
112 445
445 943
334 445
596 445
970 454
343 970
970 707
835 970
127 970
540 970
970 427
211 970
970 140
576 970
66 875
654 66
66 567
455 66
66 57
434 66
384 66
66 604
66 574
877 66
691 96
691 357
238 691
416 691
691 905
691 768
691 545
691 95
339 691
691 961
459 283
459 922
459 261
459 581
459 259
948 459
459 998
459 942
459 756
459 589
646 938
290 938
938 353
938 902
938 610
990 938
938 349
938 959
821 938
326 938
391 579
847 579
579 816
400 579
850 579
345 579
579 279
579 485
579 182
912 579
638 556
537 556
556 224
556 927
556 733
556 499
197 556
556 411
981 556
953 556
866 390
974 866
774 866
913 866
108 866
866 387
866 888
866 867
185 866
159 866
238 189
189 224
1 189
166 189
745 189
375 189
189 215
189 898
4 189
835 189
655 683
655 464
218 655
389 655
913 655
287 655
228 655
45 655
738 655
289 655
646 31
31 522
378 31
31 9
498 31
31 626
31 753
828 31
661 31
31 302
294 669
669 77
397 669
669 225
669 263
669 429
269 669
669 35
669 399
886 669
810 887
91 887
361 887
711 887
5 887
887 647
887 436
536 887
802 887
887 216
320 461
461 599
461 350
461 963
180 461
461 732
951 461
39 461
971 461
847 461
813 512
813 509
817 813
813 670
217 813
813 623
304 813
838 813
112 813
84 813
183 858
858 22
858 182
223 858
858 178
242 858
858 535
757 858
141 858
835 858
430 120
221 430
430 77
251 430
430 357
289 430
416 430
886 430
23 430
430 283
97 889
862 889
889 394
91 889
851 889
687 889
397 889
407 889
889 470
960 889
366 21
39 21
916 21
835 21
644 21
855 21
21 888
766 21
21 808
700 21
252 867
213 867
606 867
257 867
867 138
867 34
322 867
867 626
983 867
867 181
966 724
966 964
966 733
269 966
966 63
94 966
490 966
583 966
84 966
966 464
722 741
45 741
85 741
213 741
741 963
741 894
496 741
741 721
741 79
741 645
596 99
307 99
194 99
617 99
99 256
866 99
730 99
736 99
434 99
835 99
579 399
399 776
451 399
399 510
859 399
399 369
811 399
399 586
946 399
399 172
792 728
792 544
936 792
511 792
792 372
792 574
887 792
792 561
923 792
752 792
500 306
500 387
461 500
798 500
367 500
500 369
500 285
290 500
74 500
673 500
834 544
252 544
544 900
810 544
544 559
544 512
544 79
547 544
544 274
818 544
964 120
208 964
257 964
593 964
212 964
938 964
632 964
258 964
951 964
472 964
546 949
595 546
928 546
691 546
546 468
665 546
546 200
546 924
546 650
546 600
847 963
865 963
312 963
183 963
963 756
963 598
963 470
963 754
94 963
641 963
54 61
54 959
112 54
54 315
54 313
246 54
965 54
54 40
152 54
661 54
476 293
270 476
884 476
351 476
606 476
519 476
476 506
476 969
548 476
268 476
789 719
343 719
705 719
450 719
495 719
579 719
719 292
719 545
188 719
661 719
95 898
95 140
95 379
95 599
628 95
941 95
95 493
705 95
532 95
355 95
657 267
657 701
657 551
657 676
657 250
657 927
741 657
536 657
241 657
657 696
50 773
981 50
144 50
109 50
228 50
76 50
273 50
50 61
54 50
50 363
553 997
743 997
997 727
997 987
341 997
966 997
997 7
983 997
596 997
997 298
936 353
353 47
353 959
264 353
353 349
453 353
353 364
897 353
188 353
353 176
714 904
904 7
46 904
904 291
290 904
904 279
851 904
904 272
958 904
149 904
803 733
733 187
318 733
733 860
205 733
694 733
733 748
375 733
733 875
733 24
971 172
230 172
191 172
172 184
631 172
172 571
498 172
481 172
433 172
172 748
319 894
615 894
383 894
894 652
276 894
894 748
476 894
894 140
426 894
412 894
884 832
168 832
801 832
579 832
832 955
453 832
21 832
832 660
981 832
741 832
7 135
854 7
7 101
928 7
7 982
7 860
958 7
2 7
7 564
99 7
217 917
917 165
480 917
194 917
456 917
697 917
569 917
917 564
917 155
237 917
319 709
690 709
412 709
709 978
709 288
508 709
709 962
709 9
541 709
709 878
158 957
158 229
194 158
158 771
361 158
556 158
70 158
185 158
774 158
158 533
827 135
262 135
991 135
534 135
135 452
62 135
750 135
988 135
135 303
135 261
517 823
881 823
823 229
827 823
836 823
966 823
817 823
179 823
666 823
823 435
495 819
78 819
317 819
811 819
819 292
490 819
933 819
819 849
188 819
819 915
785 413
785 200
785 943
173 785
785 165
785 898
785 706
785 51
785 151
384 785
761 816
761 518
916 761
799 761
214 761
761 203
761 601
556 761
132 761
761 521
127 565
565 521
150 565
866 565
565 56
565 473
12 565
169 565
565 525
606 565
735 549
803 735
735 523
1 735
837 735
735 870
453 735
712 735
735 808
214 735
30 648
648 756
223 648
648 427
648 775
500 648
813 648
648 777
928 648
641 648
41 597
597 906
162 597
597 566
90 597
406 597
597 86
597 306
453 597
657 597
578 47
877 578
734 578
578 468
328 578
578 814
578 387
459 578
866 578
674 578
685 381
929 381
359 381
237 381
381 93
639 381
934 381
917 381
381 139
43 381
296 955
702 296
296 119
296 729
648 296
296 907
296 943
459 296
296 977
296 758
393 80
358 80
80 210
80 599
46 80
375 80
80 549
658 80
148 80
916 80
604 574
297 604
604 151
593 604
604 267
604 664
604 989
604 572
604 333
142 604
822 625
822 787
822 71
822 598
734 822
911 822
917 822
822 586
914 822
882 822
545 900
545 683
740 545
916 545
545 413
545 329
472 545
111 545
685 545
545 787
934 170
170 143
859 170
170 298
496 170
170 656
170 35
810 170
483 170
8 170
954 763
53 763
628 763
13 763
763 574
763 349
632 763
763 61
658 763
763 849
444 176
102 176
176 466
800 176
176 122
562 176
176 479
176 943
13 176
456 176
543 458
757 458
563 458
899 458
458 82
458 566
546 458
268 458
614 458
458 910
318 602
495 602
602 748
26 602
400 602
602 559
425 602
602 551
602 206
897 602
665 93
93 37
93 600
416 93
528 93
673 93
400 93
93 468
326 93
93 599
889 678
105 678
678 814
42 678
678 906
609 678
678 808
678 96
445 678
593 678
801 724
666 724
260 724
724 57
724 25
724 408
94 724
993 724
327 724
967 724
752 369
106 369
171 369
358 369
613 369
669 369
369 944
672 369
369 879
369 703
428 256
483 256
256 388
256 645
918 256
256 853
733 256
256 863
256 63
256 549
446 356
446 316
624 446
223 446
700 446
446 263
105 446
446 478
297 446
190 446
195 723
993 723
800 723
221 723
593 723
723 516
723 51
562 723
392 723
859 723
377 86
218 377
377 924
377 765
446 377
914 377
377 567
377 791
821 377
377 601
310 65
65 831
432 65
441 65
214 65
65 235
238 65
65 174
921 65
345 65
537 202
380 202
65 202
202 324
820 202
844 202
792 202
472 202
673 202
986 202
718 181
181 979
181 235
181 773
489 181
181 413
544 181
899 181
414 181
1 181
13 521
855 521
135 521
521 236
521 701
658 521
521 577
963 521
158 521
818 521
515 653
515 363
515 203
189 515
62 515
451 515
243 515
515 346
515 174
257 515
146 379
379 707
569 379
379 962
379 995
379 447
515 379
456 379
451 379
379 468
493 376
493 753
493 520
493 564
493 395
990 493
451 493
493 522
493 255
493 956
922 280
922 790
922 344
76 922
922 696
233 922
241 922
70 922
702 922
970 922
334 187
65 187
835 187
859 187
141 187
102 187
127 187
30 187
187 315
187 776
281 259
112 259
259 985
259 350
644 259
953 259
152 259
547 259
259 485
426 259
201 900
634 201
201 790
189 201
348 201
862 201
681 201
714 201
201 357
201 293
625 200
634 625
625 466
974 625
457 625
625 160
886 625
625 155
625 570
532 625
101 577
544 101
290 101
539 101
981 101
952 101
490 101
809 101
543 101
101 864
429 937
429 386
855 429
429 853
429 293
429 340
801 429
429 6
429 210
783 429
886 600
595 600
600 975
673 600
223 600
83 600
575 600
945 600
545 600
600 555
39 333
333 771
239 333
325 333
97 333
23 333
532 333
333 14
192 333
333 443
866 790
790 376
710 790
790 206
790 200
790 174
871 790
326 790
322 790
392 790
904 558
145 558
102 558
558 826
558 898
558 280
44 558
152 558
118 558
195 558
579 497
115 497
497 216
761 497
785 497
497 910
497 787
602 497
497 516
600 497
15 525
866 15
453 15
15 104
115 15
15 226
15 910
873 15
828 15
774 15
806 852
674 806
494 806
806 222
806 969
806 274
806 47
825 806
899 806
369 806
634 959
940 959
986 959
735 959
959 652
819 959
959 324
959 69
959 133
959 323
751 704
480 704
704 739
704 440
711 704
156 704
704 957
960 704
741 704
704 155
601 382
585 601
625 601
85 601
378 601
601 119
422 601
858 601
861 601
337 601
650 199
650 200
784 650
392 650
448 650
708 650
106 650
997 650
305 650
68 650
52 293
308 52
52 925
52 840
52 885
52 454
52 995
257 52
52 868
52 323
836 100
74 100
761 100
725 100
649 100
833 100
185 100
547 100
835 100
539 100
296 568
663 568
115 568
568 520
568 155
568 177
308 568
568 122
819 568
667 568
827 998
348 998
50 998
628 998
889 998
998 756
817 998
973 998
456 998
998 452
860 314
702 860
860 224
507 860
860 263
238 860
890 860
126 860
860 394
860 900
345 995
193 995
166 995
995 670
995 75
890 995
995 35
995 167
31 995
194 995
546 128
289 128
839 128
894 128
426 128
661 128
629 128
866 128
128 623
542 128
833 35
35 464
35 900
35 518
35 930
735 35
981 35
35 134
798 35
788 35
441 479
475 479
492 479
479 619
262 479
479 386
675 479
214 479
209 479
495 479
886 686
16 686
381 686
493 686
481 686
686 439
686 580
996 686
1000 686
724 686
897 499
499 385
183 499
1000 499
381 499
441 499
260 499
499 61
190 499
399 499
712 506
264 506
506 762
565 506
506 925
506 293
770 506
409 506
251 506
412 506
325 75
128 75
934 75
678 75
75 298
428 75
75 599
75 236
901 75
75 130
986 58
84 58
58 104
58 943
58 535
233 58
544 58
444 58
58 895
38 58
208 466
90 466
180 466
475 466
308 466
466 892
876 466
441 466
466 470
142 466
581 261
581 178
695 581
230 581
514 581
582 581
844 581
581 773
581 303
581 390
526 888
370 888
888 449
32 888
197 888
708 888
888 780
911 888
796 888
888 584
868 509
738 868
837 868
425 868
868 727
153 868
874 868
868 842
868 474
872 868
482 979
260 979
472 979
979 683
459 979
979 467
979 303
778 979
981 979
27 979
199 323
199 812
782 199
193 199
412 199
430 199
199 594
797 199
576 199
981 199
266 216
216 344
893 216
770 216
639 216
216 352
554 216
538 216
612 216
216 250
307 130
130 77
466 130
553 130
519 130
938 130
792 130
607 130
483 130
801 130
526 826
612 826
836 826
826 748
826 388
826 574
826 791
148 826
659 826
35 826
374 332
848 374
374 883
890 374
600 374
374 978
374 630
374 737
158 374
374 896
45 737
936 737
737 975
327 737
276 737
737 143
221 737
21 737
634 737
737 671
802 29
172 29
699 29
582 29
782 29
913 29
29 427
658 29
986 29
109 29
753 771
481 753
753 313
126 753
753 510
188 753
753 524
888 753
753 261
753 679
3 77
887 77
416 77
77 653
528 77
312 77
862 77
410 77
102 77
672 77
738 742
742 647
742 107
682 742
642 742
426 742
152 742
414 742
742 47
49 742
980 206
820 980
980 119
141 980
980 772
31 980
218 980
980 587
980 235
880 980
108 232
183 232
446 232
1 232
232 852
515 232
597 232
232 895
87 232
824 232
886 37
412 37
766 37
972 37
819 37
575 37
37 529
810 37
20 37
37 329
778 104
104 677
104 14
742 104
499 104
38 104
104 883
530 104
125 104
104 589
859 324
860 324
324 509
324 263
276 324
747 324
681 324
324 956
324 471
150 324
220 471
271 471
147 471
193 471
471 937
458 471
545 471
699 471
393 471
755 471
829 679
770 829
593 829
662 829
128 829
829 61
829 942
606 829
511 829
188 829
586 51
586 512
941 586
586 621
106 586
359 586
918 586
856 586
629 586
586 908
308 440
433 440
527 440
960 440
440 288
440 671
753 440
440 670
440 134
440 279
890 56
800 56
56 329
646 56
56 485
125 56
8 56
918 56
575 56
625 56
973 619
619 47
619 454
80 619
337 619
619 920
563 619
554 619
619 372
544 619
240 726
406 726
634 726
726 224
384 726
604 726
125 726
988 726
247 726
829 726
350 574
239 350
181 350
538 350
350 210
350 772
350 652
582 350
195 350
971 350
567 924
127 567
579 567
526 567
619 567
567 340
694 567
181 567
711 567
422 567
559 443
43 559
559 552
559 272
559 51
559 129
559 760
526 559
179 559
559 245
756 942
397 756
544 756
756 177
337 756
764 756
530 756
691 756
287 756
620 756
778 651
651 396
21 651
258 651
651 909
375 651
606 651
651 278
233 651
532 651
83 816
901 816
723 816
816 574
325 816
247 816
816 878
816 791
769 816
816 512
706 449
706 280
150 706
966 706
409 706
710 706
451 706
706 907
32 706
211 706
175 984
426 984
13 984
453 984
940 984
984 64
984 293
984 845
967 984
932 984
486 885
877 885
601 885
573 885
885 949
885 831
614 885
885 463
885 535
789 885
256 762
785 762
966 762
762 703
252 762
762 278
554 762
762 739
762 452
941 762
84 955
955 989
264 955
424 955
692 955
844 955
955 777
310 955
955 630
816 955
129 122
685 129
84 129
675 129
461 129
823 129
129 465
129 584
500 129
722 129
371 272
39 371
866 371
371 443
548 371
351 371
371 660
874 371
550 371
371 454
55 852
912 852
212 852
852 207
657 852
932 852
373 852
62 852
48 852
958 852
25 765
934 25
205 25
25 163
25 599
951 25
938 25
93 25
25 467
810 25
145 315
315 599
231 315
216 315
228 315
87 315
482 315
841 315
796 315
315 623
361 431
695 431
480 431
65 431
575 431
431 942
704 431
28 431
180 431
620 431
385 689
12 385
385 178
899 385
788 385
385 902
385 989
385 791
495 385
378 385
358 372
153 372
372 386
372 47
179 372
479 372
416 372
175 372
488 372
506 372
140 487
50 140
228 140
220 140
42 140
559 140
140 413
918 140
246 140
150 140
289 387
124 387
579 387
159 387
528 387
407 387
614 387
387 143
560 387
953 387
493 347
347 807
108 347
347 133
774 347
347 285
456 347
738 347
300 347
347 306
323 812
66 323
323 301
430 323
507 323
869 323
170 323
323 707
602 323
651 323
738 386
414 386
129 386
386 671
257 386
173 386
386 516
767 386
386 864
745 386
822 267
459 267
993 267
326 267
267 69
941 267
816 267
429 267
91 267
267 236
354 34
354 309
354 390
23 354
426 354
829 354
354 303
74 354
116 354
273 354
932 255
255 301
506 255
491 255
600 255
101 255
255 716
504 255
534 255
255 61
3 69
69 467
848 69
69 776
708 69
922 69
983 69
702 69
69 295
593 69
694 758
662 758
723 758
860 758
4 758
948 758
939 758
407 758
591 758
810 758
954 295
295 161
295 438
296 295
54 295
12 295
617 295
437 295
993 295
984 295
333 680
680 905
680 522
680 777
17 680
999 680
150 680
680 509
593 680
762 680
911 394
932 394
70 394
394 518
152 394
394 905
30 394
622 394
394 572
8 394
230 160
634 160
575 160
600 160
160 529
833 160
160 589
160 985
1000 160
558 160
373 395
699 395
395 656
188 395
183 395
392 395
142 395
395 9
395 382
395 363
913 879
876 879
7 879
417 879
879 435
21 879
879 438
879 302
946 879
373 879
912 587
295 587
70 587
983 587
827 587
767 587
297 587
587 910
240 587
471 587
762 512
512 411
75 512
512 729
36 512
512 184
512 363
983 512
540 512
91 512
186 518
456 518
518 772
518 843
242 518
931 518
518 107
939 518
869 518
88 518
398 748
88 398
398 777
153 398
934 398
723 398
35 398
398 200
398 944
398 571
172 301
301 525
722 301
796 301
282 301
543 301
301 47
301 739
301 178
230 301
691 728
445 728
312 728
334 728
617 728
144 728
728 509
796 728
562 728
466 728
447 989
447 278
575 447
838 447
447 465
117 447
35 447
447 773
774 447
964 447
869 227
345 227
582 227
227 340
227 509
124 227
649 227
386 227
658 227
811 227
53 707
227 707
952 707
712 707
707 845
339 707
234 707
180 707
707 396
806 707
998 679
166 679
679 157
679 452
679 927
846 679
211 679
755 679
310 679
679 688
667 896
919 896
896 555
270 896
484 896
682 896
326 896
457 896
983 896
563 896
454 703
591 454
359 454
129 454
140 454
380 454
406 454
131 454
433 454
150 454
843 791
854 843
948 843
936 843
954 843
651 843
141 843
386 843
861 843
843 89
832 14
993 14
14 63
751 14
14 40
860 14
14 151
14 957
369 14
14 33
566 284
873 566
484 566
566 664
566 748
194 566
566 274
993 566
457 566
566 630
571 969
744 571
135 571
514 571
117 571
571 772
571 449
31 571
595 571
834 571
251 962
624 962
962 522
258 962
962 200
550 962
244 962
962 235
289 962
856 962
731 598
928 598
37 598
455 598
993 598
850 598
946 598
747 598
889 598
244 598
596 119
119 165
84 119
826 119
353 119
77 119
119 200
659 119
119 376
119 184
938 749
850 749
657 749
749 161
749 793
90 749
648 749
964 749
735 749
228 749
889 716
242 716
62 716
400 716
87 716
142 716
611 716
641 716
628 716
212 716
77 71
518 71
71 390
71 840
71 703
264 71
488 71
430 71
71 701
322 71
877 910
585 910
147 910
690 910
559 910
788 910
910 713
910 791
955 910
354 910
339 599
511 599
599 647
333 599
218 599
330 599
599 516
1 599
97 599
548 599
932 780
129 780
433 780
780 143
70 780
780 390
198 780
432 780
735 780
35 780
198 814
752 814
814 67
814 178
80 814
20 814
429 814
967 814
482 814
545 814
573 721
932 721
764 721
462 721
979 721
607 721
78 721
934 721
721 206
397 721
282 760
914 760
419 760
401 760
530 760
253 760
186 760
760 344
78 760
366 760
84 748
233 748
255 748
469 748
526 748
604 748
748 589
455 748
461 748
102 748
678 81
81 660
259 81
456 81
289 81
952 81
81 229
861 81
173 81
916 81
438 942
546 438
20 438
461 438
383 438
239 438
271 438
659 438
339 438
438 63
5 652
242 652
193 652
846 652
484 652
386 652
32 652
188 652
652 950
652 303
558 574
742 574
766 574
530 574
170 574
574 765
574 468
939 574
738 574
295 574
109 905
254 905
493 905
905 863
256 905
154 905
541 905
395 905
4 905
905 474
433 670
670 727
497 670
58 670
491 670
670 57
670 771
901 670
71 670
205 670
873 870
26 870
922 870
870 163
76 870
593 870
741 870
450 870
91 870
870 677
19 927
996 927
748 927
401 927
733 927
832 927
31 927
496 927
927 961
805 927
408 793
521 408
514 408
573 408
333 408
19 408
408 555
408 280
609 408
826 408
411 439
411 987
411 9
940 411
411 143
737 411
494 411
411 564
430 411
514 411
1 900
900 746
591 900
900 561
917 900
539 900
900 771
900 133
176 900
900 509
699 961
995 961
961 288
97 961
295 961
387 961
472 961
4 961
98 961
961 937
191 356
748 356
356 957
356 564
710 356
7 356
716 356
665 356
648 356
173 356
21 261
691 261
142 261
261 898
53 261
127 261
426 261
587 261
896 261
160 261
63 564
558 63
890 63
544 63
675 63
750 63
579 63
63 520
21 63
658 63
542 739
20 739
739 274
865 739
417 739
540 739
590 739
337 739
739 470
394 739
99 994
416 994
994 298
994 992
119 994
848 994
334 994
886 994
104 994
105 994
363 635
363 59
571 363
363 531
13 363
197 363
444 363
848 363
117 363
363 773
236 727
933 236
1 236
77 236
805 236
455 236
236 34
236 930
243 236
236 883
950 957
666 950
354 950
680 950
950 138
583 950
950 610
950 621
370 950
950 467
26 561
612 561
561 509
877 561
561 436
986 561
967 561
561 610
273 561
534 561
681 165
199 165
165 303
438 165
991 165
165 120
599 165
310 165
165 346
685 165
785 468
468 178
400 468
164 468
861 468
361 468
131 468
412 468
78 468
674 468
692 930
444 930
930 390
930 96
468 930
930 924
269 930
337 930
399 930
930 588
83 376
376 22
851 376
376 696
376 626
870 376
376 248
256 376
144 376
559 376
674 215
847 215
923 215
199 215
649 215
230 215
179 215
215 59
545 215
963 215
461 878
494 878
758 878
426 878
749 878
878 891
215 878
50 878
878 427
663 878
877 982
384 982
982 502
982 645
183 982
982 594
641 982
982 96
982 357
422 982
659 572
572 660
201 572
965 572
983 572
839 572
572 415
682 572
872 572
572 107
903 875
519 903
903 531
496 903
963 903
828 903
903 134
234 903
941 903
903 248
774 677
257 677
355 677
677 715
88 677
568 677
136 677
677 875
803 677
784 677
624 388
904 388
814 388
366 388
102 388
13 388
325 388
950 388
930 388
559 388
903 40
333 40
55 40
876 40
41 40
538 40
417 40
928 40
77 40
208 40
870 452
55 452
81 452
672 452
315 452
566 452
147 452
916 452
865 452
333 452
624 435
914 435
460 435
750 435
741 435
962 435
128 435
774 435
681 435
371 435
934 250
904 250
999 250
247 250
455 250
428 250
785 250
798 250
106 250
250 421
724 143
886 143
159 143
586 143
558 143
143 449
494 143
538 143
513 143
999 143
401 551
551 875
551 812
739 551
386 551
644 551
551 22
186 551
721 551
358 551
63 589
589 525
589 288
589 978
192 589
384 589
589 283
215 589
589 647
319 589
656 284
806 656
927 656
656 59
918 656
656 316
251 656
397 656
482 656
935 656
11 382
382 812
916 382
382 529
472 382
190 382
239 382
887 382
188 382
714 382
818 33
33 73
652 33
562 33
698 33
3 33
189 33
4 33
860 33
670 33
232 61
521 61
61 284
747 61
430 61
267 61
61 623
228 61
560 61
410 61
903 720
720 139
720 842
556 720
922 720
126 720
511 720
444 720
720 206
946 720
520 746
4 520
881 520
832 520
912 520
334 520
837 520
520 346
290 520
93 520
762 732
732 754
954 732
563 732
488 732
158 732
26 732
666 732
732 772
700 732
312 908
617 908
692 908
908 436
72 908
477 908
387 908
528 908
908 464
908 920
322 357
357 465
100 357
325 357
357 580
648 357
357 978
357 82
237 357
357 51
55 794
544 794
997 794
310 794
323 794
938 794
615 794
837 794
471 794
5 794
986 653
821 653
629 653
699 653
42 653
325 653
653 502
493 653
130 653
832 653
552 316
817 552
250 552
189 552
829 552
929 552
311 552
552 580
669 552
400 552
648 621
621 635
217 621
621 272
997 621
520 621
621 284
897 621
55 621
621 771
263 420
263 570
959 263
75 263
573 263
259 263
263 463
250 263
263 314
106 263
705 588
897 588
865 588
720 588
400 588
36 588
588 605
112 588
588 853
588 51
178 92
867 178
178 235
178 210
769 178
736 178
171 178
178 293
574 178
908 178
351 420
388 420
705 420
104 420
7 420
371 420
816 420
321 420
420 427
147 420
380 842
935 842
252 842
858 842
251 842
156 842
295 842
462 842
287 842
828 842
117 584
642 584
893 584
584 293
827 584
505 584
355 584
719 584
28 584
584 346
75 134
632 134
506 134
134 485
220 134
739 134
134 626
855 134
614 134
429 134
440 206
596 206
206 174
736 206
741 206
540 206
336 206
172 206
328 206
50 206
994 120
323 120
120 696
412 120
153 120
239 120
680 120
461 120
120 107
558 120
960 605
605 683
838 605
605 470
841 605
42 605
438 605
605 727
622 605
296 605
956 713
714 956
956 557
719 956
755 956
377 956
123 956
744 956
819 956
499 956
801 114
511 114
237 114
997 114
337 114
114 203
188 114
13 114
114 891
795 114
221 280
714 280
556 280
369 280
70 280
795 280
916 280
499 280
451 280
44 280
35 346
493 346
798 346
448 346
694 346
508 346
728 346
511 346
749 346
50 346
319 947
428 947
164 947
823 947
221 947
12 947
825 947
947 594
947 907
947 34
985 937
940 985
102 985
437 985
985 688
490 985
346 985
882 985
985 248
616 985
211 580
613 580
723 580
770 580
889 580
407 580
363 580
993 580
580 849
580 138
663 840
840 729
597 840
840 248
218 840
385 840
840 683
837 840
230 840
376 840
226 96
934 226
651 226
573 226
700 226
586 226
721 226
270 226
885 226
619 226
758 787
787 969
860 787
419 787
287 787
618 787
879 787
735 787
847 787
598 787
884 439
589 439
44 439
995 439
439 404
328 439
407 439
226 439
552 439
251 439
829 768
768 332
768 925
768 292
631 768
738 768
768 777
117 768
128 768
859 768
35 279
881 279
279 640
599 279
751 279
354 279
695 279
692 279
279 626
373 279
996 992
270 992
452 992
520 992
992 715
774 992
617 992
457 992
492 992
149 992
464 314
129 464
844 464
669 464
877 464
464 313
71 464
459 464
625 464
181 464
769 715
74 715
583 715
576 715
270 715
196 715
612 715
613 715
715 245
45 715
803 474
935 474
979 474
208 474
324 474
716 474
646 474
261 474
602 474
474 683
204 671
984 671
171 671
733 671
117 671
354 671
575 671
726 671
968 671
671 729
178 845
845 184
496 845
690 845
845 473
959 845
553 845
931 845
923 845
183 845
873 765
901 765
408 765
997 765
821 765
218 765
105 765
52 765
145 765
642 765
326 920
920 808
506 920
430 920
859 920
662 920
539 920
622 920
774 920
598 920
142 113
250 113
781 113
113 285
532 113
214 113
13 113
484 113
621 113
71 113
677 59
418 59
541 59
85 59
406 59
59 531
840 59
59 235
52 59
614 59
839 777
777 24
720 777
455 777
777 449
188 777
39 777
566 777
777 909
140 777
496 891
149 891
260 891
584 891
25 891
320 891
131 891
275 891
495 891
361 891
933 291
811 291
661 291
180 291
528 291
132 291
185 291
764 291
637 291
932 291
136 467
467 278
654 467
467 293
10 467
371 467
554 467
63 467
23 467
732 467
371 808
351 808
173 808
227 808
822 808
806 808
808 516
372 808
604 808
289 808
549 157
678 549
549 9
391 549
562 549
219 549
916 549
797 549
549 82
549 390
250 265
873 265
265 977
389 265
1000 265
858 265
265 133
777 265
311 265
104 265
671 22
971 22
22 121
512 22
431 22
511 22
401 22
876 22
579 22
22 139
857 907
858 907
907 647
506 907
617 907
656 907
659 907
941 907
770 907
866 907
981 151
648 151
151 863
447 151
410 151
389 151
416 151
552 151
171 151
638 151
264 96
714 96
446 96
569 96
654 96
878 96
96 137
103 96
96 775
96 225
390 793
641 390
857 390
385 390
662 390
917 390
674 390
97 390
813 390
830 390
116 902
461 902
75 902
902 909
618 902
686 902
718 902
952 902
902 245
371 902
605 883
883 976
711 883
921 883
783 883
883 283
46 883
796 883
551 883
150 883
84 285
282 285
168 285
3 285
575 285
335 285
657 285
261 285
586 285
408 285
143 688
78 688
945 688
688 487
910 688
280 688
651 688
549 688
13 688
618 688
757 957
483 957
144 957
559 957
957 623
957 473
935 957
957 313
871 957
466 957
951 703
156 703
99 703
755 703
607 703
703 6
820 703
456 703
171 703
703 647
827 309
149 309
127 309
176 309
309 210
719 309
309 207
933 309
993 309
309 773
808 713
508 713
713 9
45 713
713 302
616 713
152 713
325 713
858 713
694 713
121 776
844 121
63 121
633 121
255 121
11 121
10 121
685 121
492 121
121 555
786 776
678 776
369 776
72 776
145 776
143 776
559 776
776 895
211 776
879 776
971 352
352 570
121 352
450 352
409 352
453 352
162 352
541 352
352 676
323 352
371 298
685 298
959 298
189 298
164 298
411 298
268 298
298 892
457 298
429 298
252 898
410 898
442 898
441 898
787 898
276 898
889 898
453 898
188 898
637 898
882 137
361 137
372 137
150 137
637 137
206 137
250 137
425 137
859 137
137 292
836 332
622 332
995 332
596 332
499 332
733 332
458 332
129 332
201 332
959 332
747 224
599 224
83 224
224 610
784 224
224 626
711 224
319 224
839 224
587 224
954 34
290 34
723 34
301 34
34 222
386 34
103 34
123 34
188 34
154 34
192 161
161 235
161 340
71 161
251 161
654 161
161 421
189 161
108 161
764 161
699 122
488 122
339 122
165 122
671 122
333 122
475 122
389 122
837 122
929 122
258 516
809 516
118 516
704 516
334 516
289 516
254 516
855 516
694 516
601 516
779 272
988 272
735 272
39 272
91 272
300 272
806 272
209 272
214 272
606 272
826 200
200 47
898 200
504 200
200 892
397 200
197 200
841 200
899 200
173 200
749 163
357 163
832 163
920 163
410 163
298 163
858 163
196 163
649 163
882 163
491 133
402 133
527 133
838 133
598 133
768 133
973 133
237 133
495 133
438 133
720 610
441 610
233 610
220 610
610 729
196 610
277 610
632 610
782 610
309 610
17 288
799 288
876 288
956 288
764 288
287 288
438 288
899 288
94 288
677 288
485 535
152 485
580 485
231 485
641 485
846 485
959 485
243 485
794 485
945 485
573 79
88 79
79 533
884 79
333 79
934 79
211 79
370 79
198 79
613 79
852 645
88 645
743 645
917 645
645 340
148 645
818 645
208 645
645 864
363 645
412 51
79 51
251 51
51 360
324 51
797 51
762 51
51 727
315 51
272 51
385 235
235 64
918 235
932 235
764 235
235 413
235 487
295 235
400 235
32 235
893 937
327 937
76 937
146 937
121 937
279 937
611 937
857 937
526 937
726 937
532 989
600 989
687 989
989 274
453 989
854 989
444 989
94 989
433 989
254 989
451 139
851 139
593 139
540 139
663 139
881 139
131 139
411 139
105 139
648 139
349 754
133 349
456 349
472 349
199 349
159 349
690 349
453 349
589 349
923 349
562 683
798 683
683 849
80 683
297 683
993 683
951 683
843 683
98 683
541 683
582 987
330 987
129 987
437 987
571 987
159 987
112 987
856 987
354 987
990 987
540 555
441 555
141 555
272 555
380 555
204 555
475 555
971 555
384 555
814 555
385 906
878 906
906 229
756 906
906 502
327 906
212 906
693 906
823 906
567 906
573 86
62 86
232 86
709 86
659 86
783 86
731 86
86 815
93 86
372 86
825 157
741 157
887 157
157 875
870 157
867 157
662 157
275 157
157 696
217 157
483 245
83 245
245 82
399 245
245 203
133 245
43 245
665 245
377 245
962 245
171 313
974 313
719 313
947 313
740 313
768 313
412 313
313 626
18 313
313 449
427 623
427 415
373 427
332 427
808 427
202 427
600 427
264 427
157 427
345 427
751 463
339 463
692 463
223 463
463 577
194 463
463 314
602 463
636 463
117 463
592 293
63 592
16 592
868 592
720 592
272 592
592 535
552 592
381 592
255 592
122 942
612 942
990 942
514 942
518 942
427 942
352 942
209 942
48 942
221 942
389 82
929 82
82 89
82 524
187 82
153 82
401 82
620 82
162 82
391 82
324 284
540 284
20 284
284 849
114 284
828 284
747 284
675 284
591 284
193 284
454 594
320 594
602 594
733 594
648 594
594 360
532 594
365 594
84 594
879 594
455 875
264 875
592 875
149 875
567 875
406 875
906 875
563 875
296 875
351 875
677 73
173 73
960 73
186 73
442 73
854 73
356 73
189 73
55 73
430 73
195 174
420 174
309 174
695 174
31 174
434 174
367 174
563 174
661 174
310 174
435 107
709 107
602 107
986 107
867 107
479 107
601 107
107 909
486 107
821 107
364 293
364 522
364 943
644 364
341 364
586 364
364 523
375 364
26 364
364 110
224 623
794 623
907 623
827 623
623 815
628 623
359 623
12 623
739 623
519 623
821 892
834 892
742 892
879 892
709 892
372 892
254 892
197 892
483 892
878 892
717 293
444 293
941 293
740 293
293 229
305 293
845 293
293 689
296 293
648 293
437 207
850 207
50 207
703 207
549 207
416 207
207 314
783 207
264 207
112 207
532 529
371 529
750 529
529 772
900 529
562 529
982 529
619 529
399 529
362 529
677 92
128 92
889 92
364 92
738 92
206 92
500 92
896 92
175 92
952 92
856 487
181 487
606 487
88 487
175 487
197 487
843 487
917 487
780 487
799 487
851 635
685 635
854 635
780 635
104 635
606 635
178 635
393 635
620 635
952 635
287 274
454 274
117 274
122 274
281 274
530 274
388 274
170 274
964 274
274 925
105 509
894 509
736 509
935 509
509 849
134 509
997 509
189 509
77 509
509 344
307 696
563 696
431 696
951 696
545 696
454 696
267 696
1 696
695 696
805 696
798 807
132 807
58 807
695 807
900 807
852 807
807 421
935 807
927 807
992 807
831 421
831 436
639 831
163 831
835 831
831 449
416 831
276 831
452 831
180 831
52 89
728 89
643 89
603 89
287 89
972 89
89 915
178 89
808 89
63 89
19 316
99 316
824 316
565 316
958 316
953 316
316 577
252 316
693 316
646 316
532 24
212 24
464 24
834 24
778 24
879 24
663 24
148 24
625 24
673 24
879 465
465 470
82 465
100 465
29 465
358 465
21 465
700 465
562 465
36 465
55 203
964 203
990 203
375 203
537 203
700 203
695 203
628 203
811 203
46 203
588 754
170 754
73 754
754 155
641 754
291 754
762 754
343 754
53 754
445 754
998 975
25 975
617 975
135 975
797 975
391 975
547 975
287 975
70 975
764 975
701 6
23 701
13 701
247 701
701 969
287 701
412 701
301 701
82 701
857 701
148 729
825 729
317 729
874 729
13 729
356 729
566 729
827 729
906 729
243 729
351 531
531 771
332 531
954 531
787 531
719 531
838 531
216 531
174 531
555 531
754 57
326 57
301 57
941 57
393 57
141 57
837 57
79 57
587 57
244 57
323 564
408 564
70 564
230 564
582 564
150 564
827 564
710 564
45 564
732 564
713 640
640 772
967 640
420 640
423 640
103 640
640 184
552 640
287 640
159 640
64 924
856 64
938 64
492 64
65 64
584 64
37 64
64 815
62 64
132 64
906 915
372 915
618 915
419 915
427 915
208 915
778 915
801 915
434 915
816 915
650 473
45 473
68 473
808 473
338 473
300 473
545 473
105 473
137 473
543 473
920 557
826 557
277 557
836 557
163 557
795 557
558 557
212 557
557 303
294 557
253 184
184 210
490 184
42 184
860 184
957 184
77 184
501 184
97 184
184 302
965 773
227 773
834 773
960 773
316 773
837 773
893 773
769 773
809 773
773 222
854 6
162 6
688 6
844 6
881 6
500 6
6 344
6 403
946 6
988 6
738 771
814 771
213 771
711 771
908 771
867 771
771 436
649 771
794 771
771 626
9 849
367 9
986 9
625 9
200 9
133 9
325 9
597 9
223 9
48 9
217 292
146 292
13 292
873 292
737 292
397 292
738 292
102 292
219 292
352 292
828 772
772 449
697 772
64 772
597 772
477 772
125 772
10 772
18 772
813 772
513 155
77 155
717 155
547 155
7 155
896 155
776 155
972 155
217 155
155 248
604 775
627 775
780 775
171 775
901 775
354 775
753 775
775 976
775 403
457 775
217 182
808 182
193 182
182 413
769 182
829 182
824 182
998 182
584 182
962 182
440 746
830 746
347 746
792 746
201 746
746 314
764 746
500 746
374 746
61 746
919 570
247 570
570 630
97 570
442 570
500 570
348 570
939 570
25 570
690 570
254 647
102 647
132 647
31 647
145 647
507 647
928 647
733 647
392 647
142 647
98 523
650 523
922 523
151 523
651 523
290 523
430 523
492 523
376 523
602 523
732 340
45 340
677 340
405 340
276 340
195 340
590 340
309 340
701 340
790 340
523 949
817 949
607 949
137 949
949 689
391 949
756 949
792 949
152 949
241 949
917 47
785 47
57 47
358 47
82 47
669 47
775 47
914 47
109 47
848 47
168 478
356 478
43 478
487 478
478 924
737 478
715 478
424 478
282 478
462 478
721 727
55 727
902 727
353 727
165 727
822 727
374 727
949 727
394 727
36 727
824 533
37 533
321 533
516 533
562 533
318 533
901 533
472 533
234 533
533 167
569 443
521 443
579 443
984 443
518 443
496 443
178 443
959 443
74 443
830 443
456 664
39 664
471 664
664 278
892 664
485 664
578 664
561 664
975 664
59 664
195 67
721 67
338 67
994 67
650 67
255 67
834 67
914 67
879 67
486 67
151 278
866 278
932 278
886 278
811 278
295 278
256 278
230 278
278 229
759 278
703 110
79 110
850 110
17 110
907 110
132 110
870 110
267 110
110 522
927 110
460 577
486 577
150 577
988 577
193 577
79 577
822 577
810 577
18 577
577 812
579 222
894 222
643 222
457 222
249 222
845 222
870 222
366 222
841 222
558 222
227 138
480 138
549 138
591 138
170 138
488 138
79 138
511 138
678 138
301 138
810 436
814 436
959 436
622 436
904 436
610 436
798 436
737 436
882 436
436 210
452 943
943 895
191 943
599 943
808 943
324 943
141 943
507 943
451 943
757 943
68 470
274 470
149 470
43 470
53 470
204 470
677 470
9 470
163 470
880 470
990 510
120 510
279 510
206 510
567 510
46 510
332 510
408 510
41 510
819 510
13 676
443 676
406 676
214 676
384 676
462 676
690 676
949 676
753 676
150 676
636 977
1 977
620 977
740 977
781 977
66 977
982 977
49 977
572 977
728 977
58 329
919 329
392 329
3 329
329 344
98 329
55 329
847 329
957 329
730 329
646 969
511 969
845 969
507 969
185 969
624 969
551 969
45 969
25 969
472 969
283 314
315 283
427 283
346 283
840 283
638 283
123 283
516 283
961 283
890 283
265 524
495 524
266 524
524 396
524 660
237 524
617 524
375 524
987 524
101 524
182 449
512 449
600 449
882 449
550 449
204 449
779 449
663 449
487 449
469 449
161 853
412 853
927 853
724 853
205 853
334 853
246 853
164 853
664 853
291 853
694 864
552 864
6 864
778 864
31 864
27 864
353 864
979 864
788 864
219 864
681 522
308 522
595 522
287 522
963 522
880 522
522 863
236 522
996 522
187 522
184 976
893 976
387 976
308 976
736 976
134 976
140 976
298 976
234 976
559 976
256 331
770 331
806 331
286 331
409 331
610 331
41 331
178 331
611 331
883 331
141 909
584 909
982 909
826 909
932 909
641 909
850 909
38 909
283 909
909 630
41 225
431 225
514 225
987 225
230 225
448 225
158 225
591 225
700 225
409 225
810 360
360 944
602 360
222 360
154 360
984 360
627 360
891 360
887 360
398 360
793 314
916 793
793 863
679 793
927 793
613 793
422 793
143 793
405 793
343 793
453 944
147 944
831 944
59 944
568 944
603 944
120 944
110 944
599 944
323 944
425 630
630 895
376 630
810 630
68 630
706 630
348 630
548 630
796 630
822 630
24 925
685 925
856 925
101 925
735 925
994 925
418 925
353 925
862 925
233 925
323 344
319 344
624 344
865 344
671 344
559 344
19 344
73 344
147 344
274 344
700 404
926 404
793 404
207 404
839 404
688 404
366 404
466 404
385 404
138 404
934 660
569 660
660 689
712 660
742 660
500 660
866 660
493 660
707 660
734 660
120 248
248 689
788 248
599 248
645 248
908 248
68 248
15 248
730 248
291 248
243 863
983 863
513 863
669 863
471 863
33 863
506 863
863 849
665 863
160 863
685 306
103 306
61 306
50 306
505 306
784 306
16 306
141 306
381 306
789 306
264 689
689 314
658 689
649 689
414 689
14 689
182 689
702 689
27 689
742 689
727 421
188 421
560 421
903 421
421 535
962 421
968 421
842 421
701 421
954 421
213 413
341 413
722 413
868 413
269 413
367 413
855 413
657 413
746 413
609 413
993 396
49 396
814 396
858 396
691 396
664 396
661 396
864 396
513 396
634 396
669 167
617 167
788 167
31 167
714 167
478 167
193 167
317 167
207 167
820 167
85 815
433 815
260 815
355 815
419 815
510 815
258 815
712 815
481 815
824 815
425 314
466 314
8 314
692 314
959 314
314 210
407 314
231 314
465 314
530 314
563 535
216 535
158 535
903 535
706 535
875 535
206 535
557 535
789 535
170 535
17 303
269 303
592 303
411 303
7 303
447 303
846 303
337 303
912 303
489 303
1 229
868 229
108 229
481 229
239 229
903 229
679 229
379 229
512 229
44 229
220 302
125 302
303 302
479 302
848 302
482 302
461 302
503 302
140 302
983 302
388 978
209 978
64 978
881 978
801 978
409 978
349 978
414 978
676 978
271 978
861 849
517 849
950 849
849 525
5 849
549 849
134 849
36 849
93 849
147 849
370 210
854 210
219 210
404 210
31 210
58 210
967 210
909 210
720 210
126 210
255 791
79 791
606 791
958 791
89 791
791 525
315 791
67 791
222 791
357 791
178 502
41 502
270 502
371 502
449 502
767 502
661 502
489 502
164 502
846 502
785 525
217 525
919 525
672 525
418 525
377 525
49 525
678 525
890 525
912 525
658 403
629 403
322 403
401 403
832 403
318 403
579 403
108 403
501 403
737 403
555 626
583 626
52 626
460 626
856 626
244 626
901 626
273 626
116 626
594 626
173 177
830 177
441 177
443 177
91 177
103 177
428 177
870 177
825 177
124 177
705 924
219 924
15 924
375 924
654 924
286 924
611 924
815 924
932 924
497 924
586 895
286 895
585 895
181 895
634 895
175 895
836 895
575 895
922 895
251 895
972 812
718 812
967 812
126 812
240 812
492 812
826 812
915 812
732 812
713 812
321 415
934 415
58 415
957 415
856 415
111 415
812 415
107 415
248 415
723 415
