1000 10000
165 392
165 959
165 177
165 495
165 945
165 634
165 877
165 276
165 511
165 425
293 411
293 654
293 505
293 325
293 239
293 469
293 928
293 371
293 424
293 732
503 617
503 470
503 27
503 674
503 958
503 953
503 246
503 583
503 59
503 393
967 351
967 321
967 484
967 124
967 703
967 312
967 506
967 734
967 968
967 79
514 130
514 329
514 679
514 48
514 327
514 124
514 788
514 60
514 135
514 119
448 261
448 855
448 565
448 356
448 274
448 129
448 721
448 77
448 639
448 585
105 254
105 771
105 161
105 580
105 53
105 609
105 668
105 230
105 867
105 578
220 781
220 789
220 50
220 592
220 661
220 101
220 929
220 597
220 627
220 588
875 594
875 274
875 658
875 507
875 648
875 43
875 829
875 826
875 303
875 729
723 212
723 707
723 526
723 41
723 53
723 252
723 197
723 712
723 622
723 609
937 48
937 692
937 606
937 269
937 477
937 401
937 462
937 609
937 934
937 894
861 965
861 801
861 304
861 198
861 57
861 451
861 76
861 739
861 567
861 469
477 93
477 831
477 632
477 817
477 394
477 975
477 338
477 391
477 512
477 819
245 58
245 341
245 74
245 233
245 278
245 743
245 612
245 27
245 445
245 246
742 62
742 467
742 779
742 863
742 485
742 764
742 352
742 120
293 742
861 742
665 966
665 833
665 187
665 888
665 913
665 535
665 192
665 909
665 600
665 100
753 319
753 326
753 87
753 993
753 369
753 973
753 661
753 57
753 393
753 989
144 812
144 317
144 187
144 820
144 330
144 858
144 213
144 889
144 863
144 480
273 442
273 117
273 605
273 98
273 965
273 756
273 600
273 237
273 695
273 857
950 377
950 96
950 582
950 866
950 476
950 341
950 791
950 969
950 884
293 950
89 166
273 89
89 622
89 630
89 338
89 303
89 421
89 854
89 267
89 128
840 149
840 468
840 301
840 299
840 516
840 857
840 817
840 375
840 215
840 495
767 831
767 787
767 885
767 865
767 95
767 547
767 117
767 476
767 513
767 573
201 431
201 953
201 744
201 134
201 781
201 315
201 72
201 182
201 797
201 715
682 277
682 206
682 419
682 82
682 402
682 580
682 330
682 469
682 410
682 817
564 246
564 310
564 252
564 660
564 312
950 564
564 309
564 138
201 564
564 672
658 862
658 164
658 316
658 244
658 854
658 721
658 185
967 658
658 607
658 941
535 517
535 23
535 174
535 134
535 199
682 535
535 648
535 883
535 647
535 906
924 5
924 417
924 206
924 655
924 472
924 62
967 924
924 143
924 526
924 926
618 491
618 507
618 139
618 416
618 128
618 427
618 651
618 498
618 626
618 250
965 250
965 522
965 640
965 827
965 919
503 965
965 697
965 242
965 31
965 459
58 934
58 639
58 306
58 808
58 455
58 203
58 319
58 604
58 856
58 279
562 648
562 69
562 874
562 10
562 786
562 771
562 854
562 112
562 805
562 579
747 888
747 957
747 275
747 774
747 298
747 653
747 838
747 953
747 87
747 456
231 208
231 867
231 313
231 402
231 782
231 850
231 596
231 417
231 153
231 372
789 533
789 136
789 543
789 868
789 886
789 797
789 558
789 892
789 407
789 187
584 787
584 325
584 813
584 653
584 809
584 363
564 584
584 143
584 611
584 773
2 78
2 939
2 672
2 445
2 416
2 691
2 675
2 799
2 725
2 392
200 806
200 452
200 713
200 274
200 59
200 459
200 683
200 592
200 873
200 521
1000 290
1000 664
1000 280
1000 20
1000 404
1000 740
1000 329
1000 74
1000 73
1000 223
785 998
742 785
785 305
785 775
785 111
875 785
785 694
785 209
785 738
785 86
924 648
648 223
648 940
648 549
648 656
648 817
648 98
648 216
648 673
648 751
545 179
545 880
545 750
545 961
545 73
545 72
545 377
545 473
545 270
545 26
768 145
768 98
768 771
768 157
768 504
768 509
768 919
768 974
768 750
753 768
679 667
679 431
679 168
679 469
679 403
679 518
679 194
679 259
679 304
679 371
9 473
9 319
9 916
9 697
9 359
9 169
9 252
9 5
9 754
9 699
408 155
408 624
408 297
408 524
408 586
408 601
408 132
408 882
408 431
408 191
937 718
718 981
718 40
718 743
718 553
718 822
718 373
718 846
718 550
718 487
300 979
300 756
300 148
300 621
300 576
300 308
300 581
300 361
300 388
300 591
326 328
326 110
326 251
326 752
326 599
326 909
326 147
326 10
326 242
326 157
539 393
539 972
539 746
539 244
539 909
539 783
539 659
539 745
539 980
539 113
161 686
161 92
161 339
161 859
161 87
161 294
161 903
161 891
161 29
161 79
231 885
885 484
885 592
885 247
885 519
885 533
885 311
885 151
885 333
885 25
268 925
268 172
268 370
268 446
268 856
268 110
268 552
268 449
268 586
268 791
183 399
183 863
183 113
183 704
183 988
183 670
183 572
183 632
183 344
183 838
431 788
431 827
431 389
431 803
431 182
431 272
431 424
431 126
431 617
682 431
320 832
320 766
320 802
320 99
320 570
320 939
320 696
320 721
320 722
320 615
42 121
42 534
42 286
42 175
42 24
42 483
42 173
42 543
42 71
42 931
308 444
308 377
308 227
308 529
308 62
308 154
308 445
308 977
308 782
308 764
636 888
636 820
636 918
636 493
636 868
636 911
636 565
636 847
636 54
636 360
900 680
900 412
900 405
900 717
900 137
900 857
900 995
900 348
900 419
900 12
232 92
232 943
232 212
232 257
900 232
232 741
232 957
232 695
232 984
232 612
408 383
383 528
383 740
383 915
383 427
665 383
383 256
383 710
383 229
383 773
478 524
478 733
478 585
478 275
478 807
478 48
478 22
478 155
478 625
2 478
544 643
544 782
544 504
544 355
544 341
544 318
562 544
544 744
544 372
544 264
92 489
92 226
92 254
408 92
220 92
92 598
92 882
92 634
92 344
92 555
910 587
910 465
910 415
910 681
910 209
326 910
910 255
910 534
910 368
910 881
219 91
219 727
861 219
219 321
219 492
768 219
219 314
219 504
219 188
219 859
781 120
781 332
781 302
781 417
781 363
781 364
781 520
781 947
781 575
781 416
12 336
12 690
12 147
12 32
12 978
718 12
12 766
12 662
12 380
12 986
373 821
373 301
373 497
373 297
373 547
373 386
373 451
373 276
373 834
373 597
154 395
154 546
154 389
154 310
154 119
154 280
154 496
154 547
154 632
154 224
594 673
594 7
594 739
594 35
594 32
105 594
594 151
594 450
594 239
594 482
971 497
971 147
971 8
971 705
971 895
971 491
971 623
971 730
971 615
971 898
891 989
891 674
891 961
891 427
891 916
891 978
891 495
891 196
891 519
891 571
795 240
795 653
795 712
795 732
795 729
795 409
795 123
795 925
795 43
795 774
329 76
329 252
329 280
329 434
329 359
329 868
329 563
329 773
329 852
329 783
658 727
727 390
727 917
727 332
727 24
727 788
727 799
727 355
727 681
727 116
12 547
547 451
547 973
547 374
105 547
547 409
679 547
547 899
547 272
547 318
438 387
438 194
438 53
438 449
535 438
438 824
438 128
438 33
438 96
891 438
675 324
675 915
675 188
675 333
675 173
675 905
675 918
675 473
675 525
675 791
18 1
18 485
18 915
18 757
18 774
431 18
18 138
18 217
18 153
18 16
541 851
541 549
541 775
541 760
541 732
541 202
541 212
541 369
541 680
541 494
680 459
680 686
680 451
680 814
680 999
680 513
680 88
680 447
680 396
680 927
475 456
475 889
475 202
475 691
475 439
475 376
475 140
475 997
475 880
475 265
696 917
696 73
696 424
789 696
696 953
696 934
696 341
696 311
696 358
696 984
159 78
159 234
159 958
159 357
159 625
159 163
232 159
159 75
159 423
159 354
425 678
425 443
425 866
425 640
425 903
425 125
425 922
425 629
425 453
425 916
398 743
398 549
398 813
398 167
398 322
398 598
398 129
398 542
398 485
12 398
616 138
616 598
159 616
616 531
616 233
616 650
616 140
616 946
477 616
616 872
200 982
982 254
982 938
982 561
982 467
982 586
982 793
982 595
300 982
982 731
134 685
134 413
134 126
134 526
134 350
134 38
134 334
134 401
134 124
134 810
823 77
823 593
823 316
924 823
823 318
823 441
398 823
823 444
823 153
823 643
532 428
532 437
891 532
532 507
547 532
532 709
532 851
532 433
532 124
532 211
29 984
29 111
29 94
29 827
29 113
29 76
29 97
29 876
29 314
29 401
300 389
648 389
389 622
389 162
389 644
389 69
389 874
389 419
389 54
389 839
775 474
775 656
775 441
775 227
775 359
775 330
775 390
775 184
823 775
775 498
142 141
142 123
142 824
696 142
971 142
142 897
142 116
142 84
142 45
142 494
535 728
728 153
636 728
728 36
728 854
728 443
728 54
728 106
728 579
728 928
90 901
90 807
90 259
90 484
90 889
90 350
90 299
90 699
90 381
90 939
834 334
834 20
544 834
834 772
834 261
834 319
834 432
834 433
834 78
834 791
285 575
285 804
285 755
285 842
285 359
285 83
541 285
285 652
285 901
285 758
1000 69
69 528
69 489
69 625
69 582
69 449
69 640
69 182
69 319
69 372
325 782
325 225
325 456
325 479
325 242
325 124
231 325
325 490
325 457
325 447
205 927
205 770
205 38
205 800
205 646
795 205
205 758
658 205
205 732
205 288
629 666
629 932
629 607
629 324
629 151
629 61
629 262
937 629
753 629
742 629
819 124
723 819
293 819
819 328
819 738
819 709
819 987
819 61
819 337
819 916
40 305
40 75
40 969
40 415
40 427
40 248
40 673
40 311
40 333
40 230
404 281
404 763
404 759
404 102
425 404
404 713
900 404
404 704
404 814
404 992
842 757
842 70
842 399
842 918
842 5
842 673
842 17
842 141
842 13
842 356
596 280
596 112
596 99
596 945
596 305
596 923
596 412
596 963
596 959
596 215
833 61
833 985
833 787
833 182
833 622
833 676
833 132
833 808
833 957
833 169
793 660
793 659
793 65
793 135
200 793
793 247
793 412
793 815
793 114
793 674
647 274
647 208
647 530
647 191
647 386
647 481
69 647
647 534
647 419
647 914
460 276
460 99
460 526
460 335
201 460
460 929
648 460
460 108
460 688
460 912
516 631
516 454
516 348
516 936
516 41
58 516
516 952
516 699
293 516
516 71
271 600
271 418
271 73
271 750
271 527
271 524
271 586
271 661
271 432
271 32
131 590
131 907
131 309
131 735
131 719
131 43
131 246
131 901
131 104
131 292
632 381
632 934
632 528
632 377
632 938
632 653
632 274
696 632
632 816
632 575
443 523
443 193
443 214
448 443
443 284
443 366
443 121
443 798
443 914
443 611
271 314
314 669
373 314
314 111
314 256
425 314
314 100
314 82
314 318
950 314
84 844
84 24
84 83
84 970
84 512
84 412
84 321
84 644
84 553
154 84
171 712
171 150
789 171
171 441
171 631
171 303
171 202
171 587
171 296
833 171
356 332
564 356
356 411
356 348
356 124
356 55
356 586
356 437
781 356
356 851
738 652
738 216
738 281
738 552
738 698
738 569
738 642
738 125
738 427
738 150
715 506
715 688
715 229
715 642
715 664
715 561
715 372
715 7
715 305
715 681
783 800
783 751
783 390
783 218
783 248
783 815
767 783
783 112
783 182
783 208
215 464
215 997
215 461
823 215
682 215
215 749
215 38
215 905
215 267
215 817
850 441
850 30
850 102
850 266
850 406
850 173
850 895
850 844
850 590
850 384
801 597
801 158
728 801
801 509
801 351
801 576
801 254
801 645
564 801
801 190
492 505
492 353
584 492
492 498
492 583
492 81
492 557
492 133
492 809
492 7
14 714
14 864
14 760
14 914
14 441
14 444
14 717
14 218
14 627
14 343
595 726
595 387
595 901
478 595
154 595
595 169
595 566
595 162
595 881
595 504
263 690
263 437
263 957
263 272
263 688
263 117
850 263
263 482
263 223
263 760
713 962
232 713
713 193
713 385
713 454
713 482
713 752
713 519
713 166
713 612
324 71
324 513
324 66
492 324
324 720
324 497
324 79
324 500
201 324
324 301
220 932
932 583
932 249
932 345
932 586
932 614
932 140
932 68
932 187
932 700
625 877
625 121
625 816
625 825
625 656
625 280
625 79
625 709
625 323
965 625
716 119
716 255
795 716
716 770
716 784
716 351
716 148
716 999
716 310
716 880
98 527
98 369
98 980
98 129
98 376
98 744
98 280
98 102
98 650
98 942
653 224
653 828
653 739
910 653
653 188
616 653
653 726
263 653
653 327
564 653
583 335
583 628
583 226
583 837
583 10
583 683
583 99
583 709
583 722
583 312
428 218
428 919
428 457
428 296
428 328
428 909
428 21
428 440
428 192
428 720
225 15
225 575
225 7
225 978
225 172
225 113
159 225
225 25
965 225
225 123
861 111
111 214
111 339
111 140
111 607
111 603
111 493
111 485
111 774
111 771
556 490
742 556
556 119
556 391
556 968
556 939
556 973
632 556
556 794
556 757
765 414
765 978
789 765
765 310
765 482
765 489
875 765
765 996
765 410
765 454
555 884
555 294
555 955
555 106
555 617
555 952
555 334
555 853
555 574
89 555
210 604
210 838
210 883
210 800
215 210
210 464
210 569
210 931
210 759
210 756
322 736
322 479
322 826
322 704
322 310
322 372
322 343
322 494
322 548
322 488
915 279
915 377
555 915
915 569
891 915
915 30
915 557
915 297
915 57
915 167
195 139
195 959
195 124
195 770
195 21
195 606
356 195
195 138
195 34
195 902
558 160
558 11
558 766
967 558
558 980
516 558
558 994
558 878
696 558
558 238
776 591
492 776
195 776
776 815
776 805
625 776
776 498
776 565
776 569
776 6
576 275
576 954
576 548
576 353
532 576
576 57
576 147
576 644
576 761
576 500
290 621
290 989
290 461
290 794
290 585
290 287
290 962
290 888
290 46
290 335
785 759
759 456
759 681
759 126
759 964
759 988
759 294
759 570
759 931
759 896
209 987
535 209
209 621
209 363
209 592
209 107
209 856
209 530
209 714
293 209
91 348
91 659
91 970
29 91
91 813
91 484
91 494
91 958
91 945
91 6
657 108
657 121
657 620
657 315
209 657
657 316
657 138
657 786
657 869
657 667
483 985
483 120
483 612
483 936
483 530
783 483
483 461
483 619
483 476
541 483
684 43
684 164
684 660
684 566
161 684
684 155
684 901
684 289
801 684
684 457
540 524
540 569
540 620
540 177
540 139
443 540
540 30
540 21
540 869
540 993
803 16
389 803
803 873
803 702
781 803
803 930
900 803
803 70
803 211
803 493
334 698
383 334
334 973
753 334
334 601
334 194
334 17
334 185
334 240
334 315
391 694
391 513
391 490
391 125
391 237
391 619
475 391
391 560
391 432
391 772
285 248
248 48
248 770
248 55
248 773
248 227
535 248
248 139
248 878
248 315
446 81
263 446
446 883
446 922
967 446
783 446
322 446
446 147
446 97
446 511
34 51
34 122
34 826
98 34
34 317
34 143
159 34
34 395
34 67
34 489
472 897
472 947
885 472
92 472
472 923
472 496
472 798
472 79
9 472
472 449
910 332
332 305
332 229
332 973
332 202
332 831
332 8
332 416
332 863
332 530
425 580
475 580
18 580
580 120
580 110
580 972
580 864
580 280
580 62
580 542
866 94
866 424
42 866
866 668
866 461
866 874
866 701
866 286
866 153
866 940
970 811
970 59
970 280
970 621
576 970
970 399
970 407
970 386
970 667
970 227
121 835
121 187
121 15
121 805
121 450
121 800
121 56
121 277
723 121
121 822
263 257
257 81
257 485
257 7
257 123
257 974
937 257
14 257
257 109
257 903
785 926
926 394
558 926
926 363
926 634
926 41
926 990
926 179
926 457
580 926
432 839
432 490
432 688
432 353
432 824
432 902
432 589
432 208
432 925
432 64
961 10
961 344
961 318
961 79
961 587
961 254
961 151
961 198
715 961
961 933
780 266
780 20
780 473
780 581
780 361
780 639
780 11
780 886
803 780
780 264
230 403
230 66
230 249
230 264
230 310
742 230
230 452
230 693
781 230
230 416
58 811
811 160
811 949
759 811
811 678
811 674
811 821
29 811
811 226
811 617
206 254
206 462
206 453
206 701
206 953
206 515
206 379
206 260
206 449
206 25
595 778
875 778
778 954
778 563
778 694
778 43
778 857
778 331
778 128
778 72
517 996
517 57
517 35
517 611
517 953
517 883
428 517
517 212
517 414
625 517
728 51
51 491
51 956
483 51
51 172
51 222
51 208
51 509
29 51
51 538
671 528
671 704
982 671
671 692
671 466
671 187
671 611
671 361
776 671
671 455
163 78
163 284
163 518
163 863
163 701
163 739
163 403
163 511
163 172
163 221
673 663
673 148
673 323
673 991
673 367
682 673
673 43
673 327
673 351
673 935
953 87
953 350
472 953
953 190
953 792
953 276
953 172
953 947
953 265
953 305
813 286
813 357
813 79
813 521
813 298
231 813
813 598
813 4
813 139
813 843
403 847
403 563
403 342
403 876
675 403
403 23
403 397
580 403
403 346
403 127
891 371
371 79
371 207
371 194
248 371
371 39
371 270
371 538
356 371
371 958
726 498
726 123
726 838
40 726
726 33
726 396
726 269
726 992
726 252
726 638
786 133
632 786
786 762
786 551
786 316
547 786
786 617
786 546
786 934
786 928
185 940
786 185
185 977
185 686
185 25
185 735
185 602
185 989
185 423
775 185
292 118
292 235
292 275
292 832
292 663
292 68
292 307
292 113
292 387
292 672
817 85
817 419
817 449
817 695
817 244
817 631
817 712
817 335
817 533
817 652
398 579
579 883
579 882
579 295
579 146
579 894
579 701
579 668
579 279
579 869
155 494
155 660
155 602
926 155
165 155
220 155
155 289
155 45
155 87
90 155
821 218
821 930
821 630
821 871
715 821
821 496
821 110
821 701
821 296
821 548
956 413
956 173
956 207
956 633
956 1
767 956
956 962
956 435
956 764
956 711
101 601
101 546
101 624
101 968
271 101
101 831
101 330
472 101
718 101
101 158
439 650
439 890
439 267
300 439
891 439
900 439
439 986
439 637
439 886
439 856
496 217
727 496
496 871
496 851
159 496
496 567
657 496
496 182
496 401
496 486
757 399
757 901
636 757
757 318
757 424
924 757
757 272
961 757
757 33
245 757
133 559
133 565
133 676
133 621
133 712
133 693
133 242
133 990
759 133
133 79
77 384
77 340
77 973
77 481
77 399
77 864
77 916
77 412
77 868
77 886
347 711
347 920
347 19
347 531
347 631
347 222
347 352
347 21
347 560
347 602
110 41
110 36
110 993
594 110
768 110
271 110
110 481
110 674
110 667
134 110
5 538
5 790
5 779
248 5
5 359
5 642
5 732
5 552
398 5
5 959
547 393
393 83
393 72
393 549
393 974
393 426
393 878
765 393
393 55
322 393
883 252
883 815
883 871
883 828
765 883
883 379
883 311
680 883
883 889
883 959
256 260
271 256
89 256
256 678
256 93
256 698
256 829
161 256
256 613
256 330
582 311
582 128
582 343
582 862
290 582
582 491
292 582
403 582
582 4
334 582
970 307
307 602
307 217
307 364
307 733
307 457
813 307
307 736
307 392
307 395
944 311
944 903
201 944
944 578
944 283
944 288
944 714
944 442
944 481
944 27
554 353
554 401
554 128
900 554
953 554
554 631
584 554
554 804
347 554
554 17
223 197
223 258
223 809
223 729
223 931
223 774
223 677
223 193
223 702
223 75
892 934
892 251
892 345
892 152
892 43
892 482
892 962
892 390
892 766
892 162
311 846
311 500
206 311
311 484
311 880
12 311
311 695
311 593
311 918
632 311
838 462
838 341
838 97
428 838
838 855
838 365
838 173
838 244
439 838
838 526
694 567
694 972
694 419
694 754
694 702
694 661
694 644
694 235
694 794
694 948
117 873
320 117
117 490
90 117
117 454
117 534
117 934
393 117
117 591
117 421
199 831
199 143
199 166
199 597
199 164
9 199
199 27
199 828
199 513
199 56
21 627
121 21
21 689
21 667
726 21
21 867
21 877
21 800
713 21
21 469
56 662
56 502
56 906
56 622
56 964
56 601
56 458
56 203
56 423
56 119
636 745
915 745
745 337
745 762
745 473
745 695
144 745
745 38
745 414
439 745
403 907
907 26
907 278
907 856
9 907
907 43
696 907
647 907
907 806
907 641
845 867
845 80
845 415
833 845
845 622
845 557
845 699
845 719
845 977
845 543
263 269
819 269
269 96
269 802
269 327
269 295
269 963
269 670
682 269
389 269
312 319
312 654
312 543
334 312
312 732
694 312
425 312
269 312
312 217
312 646
905 240
905 158
905 983
682 905
905 363
905 864
905 987
905 260
785 905
845 905
146 136
146 318
146 444
199 146
146 151
146 353
146 627
632 146
146 427
555 146
735 743
735 294
735 32
885 735
735 973
735 363
539 735
735 884
735 611
91 735
755 471
755 191
755 103
755 192
755 461
755 872
431 755
5 755
755 109
755 784
534 203
398 534
534 95
534 365
684 534
534 466
534 864
534 640
534 258
534 449
63 457
63 841
131 63
63 118
63 766
63 173
63 927
63 487
63 176
63 378
867 385
867 952
747 867
867 370
867 714
230 867
867 844
867 701
867 319
867 605
146 784
784 917
784 572
784 97
784 166
154 784
784 309
784 451
784 288
784 683
729 189
517 729
729 518
907 729
729 508
729 986
729 714
729 229
729 262
729 949
584 169
169 527
169 327
308 169
776 169
183 169
90 169
169 608
169 54
169 23
304 402
304 126
304 296
304 591
304 456
535 304
304 822
304 691
111 304
304 100
973 974
973 934
205 973
391 973
973 624
973 130
973 722
973 570
477 973
973 430
637 581
637 250
637 912
637 147
637 410
637 409
637 45
637 598
637 86
637 659
648 600
600 857
12 600
600 899
823 600
539 600
600 721
982 600
600 922
600 321
319 436
319 835
319 614
319 951
727 319
319 865
319 917
319 343
319 335
637 319
820 157
820 70
820 691
820 45
514 820
820 578
271 820
820 402
594 820
820 361
704 457
704 22
704 208
704 357
201 704
704 337
982 704
408 704
314 704
448 704
533 660
533 426
533 792
759 533
534 533
533 697
533 899
533 221
319 533
533 494
101 454
454 886
454 760
454 493
454 550
454 235
454 184
783 454
454 259
454 33
340 512
340 65
340 418
340 189
300 340
340 877
340 453
195 340
340 109
91 340
168 527
168 681
168 88
168 644
168 607
168 374
168 972
168 941
168 335
168 364
51 639
639 588
639 465
819 639
639 993
639 787
639 851
789 639
639 177
820 639
271 887
544 887
887 919
320 887
887 15
446 887
18 887
887 920
887 651
887 409
782 518
782 836
782 465
782 536
782 948
782 342
866 782
885 782
782 611
782 851
719 512
719 638
534 719
937 719
719 968
719 972
273 719
719 607
532 719
719 824
9 172
172 633
172 927
172 323
40 172
172 287
155 172
383 172
172 336
172 45
797 313
797 411
797 375
797 573
554 797
206 797
371 797
797 444
797 341
797 423
549 958
596 549
675 549
795 549
549 61
549 465
549 531
549 427
549 296
549 559
455 419
455 328
455 333
539 455
455 465
460 455
883 455
775 455
793 455
455 61
954 382
954 228
954 198
230 954
954 690
954 702
954 140
534 954
954 631
954 122
47 645
47 603
704 47
47 281
47 182
47 113
47 591
544 47
47 436
47 482
276 736
276 435
276 706
133 276
276 88
276 744
276 278
111 276
276 412
276 8
56 474
474 593
51 474
474 394
474 99
657 474
474 912
474 274
474 284
474 95
266 790
266 538
266 901
266 589
266 115
266 980
266 149
266 175
266 235
266 499
578 521
460 578
578 175
578 17
205 578
578 962
637 578
578 138
578 367
578 857
780 449
449 237
449 97
225 449
449 267
449 612
449 936
449 187
449 802
449 19
393 253
596 253
545 253
253 770
253 33
253 602
253 550
253 20
117 253
253 450
598 574
598 518
598 352
598 920
598 862
598 303
598 649
598 202
268 598
598 522
10 125
10 228
10 15
10 471
811 10
10 366
10 888
10 841
10 342
549 10
869 879
544 869
517 869
869 8
869 294
869 855
29 869
84 869
503 869
869 417
68 352
68 831
89 68
68 991
68 752
653 68
68 341
68 615
68 772
161 68
699 525
699 531
699 299
778 699
699 597
699 737
671 699
699 66
699 174
765 699
138 804
138 700
138 250
138 963
138 931
138 611
138 693
443 138
138 164
138 646
943 157
943 946
943 265
943 283
943 847
943 349
322 943
943 224
861 943
943 286
628 387
628 868
449 628
628 102
628 385
628 222
628 359
154 628
628 181
628 288
116 923
116 82
116 422
116 930
682 116
116 120
116 854
116 360
116 581
116 392
879 95
879 880
879 844
101 879
879 877
879 577
879 777
314 879
185 879
879 366
709 601
709 351
371 709
735 709
709 380
709 574
709 229
709 588
709 179
709 167
777 11
777 73
777 955
777 214
777 251
971 777
777 979
425 777
777 365
534 777
868 370
868 790
868 799
868 202
34 868
868 108
868 898
868 124
868 458
868 748
16 732
16 572
16 604
16 957
16 470
16 360
16 338
16 252
16 67
16 80
261 670
965 261
261 445
261 384
261 802
261 13
261 31
475 261
579 261
261 386
623 969
219 623
965 623
623 862
623 863
623 203
623 173
623 188
623 470
793 623
825 512
747 825
825 855
825 815
825 952
825 338
825 264
825 382
715 825
825 717
3 299
3 488
356 3
3 743
3 196
3 676
3 852
3 54
885 3
3 459
55 88
55 359
55 363
55 748
768 55
55 744
55 724
55 702
811 55
653 55
648 822
822 660
822 153
822 240
594 822
822 607
866 822
822 281
822 447
822 272
988 977
988 830
967 988
768 988
988 550
245 988
988 893
142 988
988 355
988 591
722 980
722 50
789 722
722 858
722 707
171 722
722 76
722 31
722 140
722 500
94 812
94 119
94 166
94 864
94 955
94 810
94 385
861 94
94 359
94 708
705 994
705 731
705 114
705 485
705 524
801 705
705 323
705 884
705 814
705 71
608 166
608 909
432 608
608 236
608 31
608 242
608 706
439 608
608 650
608 216
806 461
806 385
806 571
806 922
806 568
806 508
5 806
806 100
806 734
944 806
829 229
324 829
829 160
829 550
759 829
829 251
829 877
138 829
937 829
829 464
538 376
538 741
971 538
538 769
538 886
538 100
538 619
538 45
538 96
503 538
77 529
529 402
845 529
529 490
325 529
529 79
496 529
781 529
594 529
825 529
522 986
522 872
522 114
522 837
522 898
522 237
522 442
522 485
172 522
522 941
336 394
205 336
266 336
795 336
336 17
165 336
336 744
336 724
336 316
336 192
741 75
741 388
741 626
741 903
741 852
950 741
781 741
741 350
741 427
741 573
16 140
140 756
140 633
140 791
140 487
694 140
140 26
140 11
140 942
140 617
559 828
559 240
559 553
559 606
559 964
559 283
559 877
230 559
556 559
559 179
423 422
423 543
423 501
423 67
423 479
210 423
423 244
423 627
423 255
423 921
817 372
372 136
483 372
372 291
14 372
372 363
448 372
372 645
372 259
372 873
690 506
690 313
690 283
690 405
690 150
705 690
690 72
690 707
690 114
690 495
877 854
877 695
232 877
877 525
877 815
877 986
842 877
877 295
29 877
877 246
577 495
577 351
577 357
577 589
595 577
577 129
577 995
577 53
372 577
577 337
738 488
596 488
488 240
547 488
488 277
488 102
488 87
220 488
715 488
535 488
736 681
736 390
736 176
736 572
736 930
736 214
736 695
736 197
736 552
736 81
692 849
230 692
142 692
439 692
692 289
680 692
692 751
692 281
692 853
692 298
738 399
594 399
399 380
399 282
399 712
399 20
399 958
399 972
399 500
887 399
956 87
87 405
926 87
87 874
87 181
87 980
87 945
988 87
692 87
722 87
794 566
629 794
541 794
794 528
637 794
794 385
767 794
794 287
794 157
253 794
751 437
751 288
751 606
943 751
751 66
784 751
751 450
840 751
781 751
834 751
718 602
602 586
602 839
602 23
602 643
709 602
602 459
602 418
602 489
602 390
286 302
391 286
286 565
286 901
623 286
286 236
286 239
286 981
794 286
286 949
721 601
721 365
721 706
721 299
721 302
775 721
721 750
721 213
721 489
428 721
927 515
927 894
927 235
927 895
927 323
735 927
927 315
927 848
927 528
927 942
366 960
366 78
366 622
366 863
366 463
366 711
366 295
366 992
366 574
738 366
317 848
269 317
317 620
657 317
317 60
317 277
317 500
317 193
12 317
317 381
461 890
532 461
461 929
461 305
461 976
131 461
797 461
461 487
461 991
679 461
823 764
892 764
764 17
764 424
764 611
454 764
764 213
764 870
764 350
87 764
837 707
837 568
311 837
658 837
837 911
163 837
320 837
837 852
461 837
496 837
30 880
879 30
30 669
30 288
30 631
30 843
30 513
30 931
755 30
30 655
478 913
913 733
713 913
768 913
913 986
219 913
913 129
883 913
913 638
913 485
450 426
450 703
783 450
450 463
450 124
868 450
450 711
450 78
450 235
314 450
540 761
539 761
393 761
583 761
761 617
761 663
307 761
356 761
776 761
623 761
253 828
828 685
828 874
828 946
828 604
828 31
340 828
821 828
828 227
828 388
669 930
669 557
669 922
669 184
554 669
669 989
669 938
669 254
669 86
669 66
895 473
483 895
833 895
895 917
895 217
895 166
895 746
895 186
895 874
988 895
301 132
215 301
301 585
29 301
301 712
326 301
301 37
301 860
301 958
301 153
778 397
397 572
397 135
317 397
397 909
21 397
397 858
741 397
397 62
397 424
361 609
319 361
361 770
361 996
361 560
361 524
705 361
361 141
684 361
361 175
859 62
859 251
859 149
332 859
859 158
859 61
786 859
859 179
596 859
582 859
408 674
674 501
674 60
529 674
674 193
674 804
674 746
674 526
554 674
674 135
466 52
544 466
466 143
454 466
466 413
466 712
466 310
892 466
261 466
466 387
346 382
346 157
346 107
346 260
346 528
346 659
794 346
346 402
346 919
466 346
992 254
992 749
992 989
347 992
549 992
992 607
992 174
146 992
992 521
992 369
811 655
655 182
655 959
655 603
971 655
655 574
655 321
655 856
655 375
655 158
135 762
784 135
135 75
276 135
142 135
135 772
492 135
135 487
398 135
135 295
48 401
48 605
48 940
48 585
48 626
538 48
820 48
48 64
171 48
48 870
343 656
343 487
811 343
343 670
343 739
343 804
343 247
343 668
343 126
343 575
649 328
608 649
649 720
649 921
649 226
199 649
953 649
649 966
649 188
649 863
762 739
762 147
762 442
762 575
762 106
762 952
762 955
861 762
762 990
51 762
179 901
680 179
179 651
179 800
179 482
179 279
179 187
179 330
598 179
179 993
654 79
654 734
654 41
777 654
654 746
654 471
786 654
654 569
654 45
654 407
753 874
874 270
874 561
874 571
874 969
874 468
874 26
154 874
874 246
806 874
203 646
203 847
203 178
203 505
203 62
203 204
729 203
203 659
203 599
203 893
89 108
108 590
108 880
829 108
594 108
108 495
540 108
108 190
108 557
108 72
291 362
817 291
859 291
291 166
891 291
291 687
291 305
291 858
819 291
516 291
1000 260
260 349
84 260
260 570
982 260
761 260
260 968
806 260
472 260
260 106
483 175
175 150
762 175
175 888
175 224
175 894
819 175
175 928
175 609
679 175
329 26
26 70
745 26
825 26
811 26
26 194
26 184
14 26
637 26
26 800
817 348
348 502
260 348
348 527
892 348
861 348
348 139
348 284
348 799
348 352
946 847
946 563
946 561
859 946
172 946
946 396
223 946
946 897
946 416
89 946
876 330
876 481
598 876
876 999
829 876
876 769
183 876
876 395
876 190
876 166
290 463
463 72
463 597
463 125
721 463
431 463
348 463
58 463
463 107
463 668
108 810
810 908
735 810
761 810
541 810
810 437
577 810
747 810
810 357
810 748
987 362
718 987
598 987
987 685
185 987
472 987
987 60
987 406
584 987
5 987
11 572
559 11
11 392
135 11
11 999
11 771
11 173
845 11
11 585
11 852
837 156
895 156
156 211
156 13
26 156
156 573
257 156
156 513
806 156
156 666
920 830
982 920
920 31
674 920
42 920
920 724
920 427
920 234
907 920
840 920
931 949
931 252
172 931
618 931
931 65
931 153
931 338
931 345
931 774
931 651
697 930
625 697
697 980
895 697
653 697
195 697
304 697
697 294
697 180
697 359
262 542
391 262
262 504
262 681
262 482
262 295
262 493
738 262
783 262
262 377
823 945
449 945
728 945
554 945
582 945
945 771
945 864
131 945
945 211
293 945
788 749
450 788
788 49
788 666
788 339
788 979
861 788
788 392
788 25
950 788
643 157
643 78
643 228
657 643
450 643
1000 643
361 643
643 13
643 848
643 309
686 473
562 686
686 752
686 279
686 656
168 686
47 686
686 790
913 686
686 50
301 589
589 80
89 589
540 589
589 612
589 740
589 572
589 565
63 589
589 487
235 83
235 302
320 235
235 385
554 235
163 235
235 132
810 235
235 464
235 149
595 919
777 919
919 193
919 857
919 228
850 919
919 419
460 919
168 919
919 242
530 57
530 548
530 150
840 530
530 570
530 711
530 375
530 221
530 344
530 482
645 469
645 178
645 141
645 740
645 376
705 645
645 525
645 843
2 645
266 645
590 4
590 61
590 922
231 590
549 590
590 816
590 846
590 176
516 590
784 590
237 527
954 237
237 173
616 237
237 552
237 815
257 237
237 259
237 499
987 237
874 852
852 289
852 119
584 852
577 852
783 852
852 287
319 852
334 852
576 852
306 846
306 93
306 974
821 306
306 486
306 630
820 306
307 306
532 306
306 812
204 997
204 480
204 333
292 204
204 177
204 128
674 204
204 814
204 646
204 497
437 827
437 469
437 510
431 437
437 376
428 437
437 707
842 437
437 835
970 437
288 611
288 275
262 288
165 288
183 288
288 631
288 846
288 124
288 923
288 958
736 888
366 888
888 622
888 804
443 888
888 873
888 270
888 170
888 416
932 888
705 41
41 313
41 468
41 884
361 41
41 310
117 41
699 41
41 957
874 41
634 511
982 634
483 634
634 494
332 634
634 459
634 31
634 792
634 46
98 634
800 732
288 800
800 677
800 208
800 714
800 571
800 597
800 160
446 800
286 800
370 683
370 270
370 737
48 370
370 467
370 499
370 839
370 958
329 370
370 249
203 725
725 75
725 650
725 216
725 196
725 283
725 86
725 940
725 996
725 429
352 551
352 996
352 882
595 352
352 459
352 863
352 411
352 812
14 352
352 897
626 351
626 844
626 504
626 955
793 626
927 626
626 218
877 626
626 969
762 626
462 57
462 663
462 424
462 543
462 790
312 462
462 864
541 462
462 882
462 601
894 129
894 984
653 894
894 416
55 894
894 6
894 19
894 240
894 27
503 894
6 62
209 6
6 106
829 6
134 6
6 939
6 211
578 6
800 6
6 39
834 567
567 836
567 429
567 350
567 575
567 191
567 313
567 610
742 567
567 164
857 401
857 985
21 857
857 35
857 509
817 857
857 213
857 426
857 378
857 279
834 43
43 836
43 244
105 43
43 561
205 43
43 485
43 82
43 571
43 338
433 22
433 942
433 615
582 433
220 433
705 433
433 62
433 233
913 433
433 912
51 422
422 824
422 901
422 617
422 846
422 222
522 422
422 898
533 422
422 473
844 151
844 27
329 844
844 182
844 509
844 387
844 359
950 844
844 938
844 310
288 120
120 604
120 214
120 494
120 882
120 198
728 120
120 659
138 120
833 120
895 706
706 369
706 880
393 706
819 706
579 706
706 103
223 706
706 672
706 853
648 456
56 456
456 100
456 963
456 218
263 456
915 456
456 217
373 456
120 456
285 71
817 71
71 420
71 330
71 38
361 71
71 221
71 143
71 524
71 384
737 548
737 659
737 25
737 702
737 983
737 921
817 737
737 384
764 737
946 737
803 97
875 97
77 97
709 97
97 349
540 97
97 603
97 467
97 211
97 512
768 969
969 413
969 194
135 969
915 969
785 969
969 760
969 670
767 969
969 295
376 160
376 571
376 925
376 604
376 912
723 376
293 376
376 96
876 376
376 17
432 619
619 981
307 619
619 392
448 619
619 890
619 435
619 44
619 662
737 619
352 899
263 899
899 282
857 899
704 899
753 899
899 863
899 73
899 609
899 962
38 611
38 740
38 294
580 38
38 341
38 702
38 603
38 368
845 38
38 197
210 743
643 743
891 743
580 743
743 129
69 743
743 938
743 406
743 873
743 36
385 272
385 846
26 385
580 385
268 385
263 385
682 385
385 388
801 385
307 385
834 315
315 240
315 551
729 315
315 980
817 315
315 265
315 593
559 315
41 315
215 182
713 182
608 182
18 182
967 182
182 480
285 182
383 182
182 392
1000 182
797 211
211 337
211 395
637 211
539 211
535 211
211 732
211 258
211 184
211 386
749 471
9 749
749 870
749 936
749 565
462 749
373 749
749 160
749 779
811 749
241 465
154 241
268 241
241 523
237 241
810 241
690 241
241 222
241 744
686 241
893 940
428 893
893 551
893 500
893 957
893 207
637 893
893 520
893 766
893 873
793 551
56 551
551 192
325 551
551 990
551 452
551 62
551 504
551 661
852 551
337 752
337 560
475 337
649 337
337 124
399 337
737 337
337 928
950 337
337 36
369 390
71 369
369 940
369 333
883 369
369 167
369 27
369 67
172 369
431 369
125 299
256 125
125 613
125 870
125 217
692 125
125 818
125 424
320 125
290 125
906 390
906 812
906 139
906 613
741 906
492 906
906 486
376 906
906 804
906 700
899 405
405 104
616 405
405 912
736 405
619 405
438 405
907 405
405 880
405 802
572 119
572 109
455 572
572 124
146 572
572 774
572 921
156 572
572 990
572 835
392 959
392 512
392 484
325 392
392 523
392 563
558 392
392 270
392 481
140 392
50 221
840 50
50 571
956 50
50 49
50 487
50 227
50 53
50 485
478 50
654 13
13 974
13 714
825 13
950 13
13 710
13 421
462 13
13 112
13 247
652 196
652 136
943 652
652 287
652 826
652 78
652 160
652 804
652 659
652 143
107 401
107 130
762 107
576 107
107 400
657 107
673 107
822 107
107 947
694 107
250 724
250 974
675 250
868 250
250 832
250 878
215 250
250 995
250 929
250 221
402 436
326 402
154 402
402 816
165 402
402 458
817 402
402 365
68 402
285 402
801 661
431 661
971 661
661 824
906 661
661 739
661 796
403 661
443 661
51 661
925 294
108 925
925 896
925 465
925 897
492 925
925 362
925 978
925 974
682 925
986 909
986 707
716 986
348 986
372 986
784 986
986 575
986 560
199 986
986 246
772 886
793 772
772 504
772 717
772 222
772 949
772 417
772 396
772 17
55 772
327 127
327 702
327 294
327 364
327 470
327 939
572 327
327 773
327 145
327 420
348 638
638 406
986 638
638 930
638 974
638 752
638 187
638 568
937 638
638 417
302 294
302 597
302 494
63 302
320 302
302 339
302 933
10 302
47 302
454 302
915 656
532 656
263 656
656 15
425 656
51 656
679 656
656 993
656 83
656 99
158 519
158 851
158 527
325 158
158 62
158 445
158 406
266 158
158 575
158 966
724 150
783 724
738 724
724 122
724 145
724 498
237 724
549 724
724 959
269 724
758 279
758 277
758 60
758 754
758 57
346 758
758 153
736 758
393 758
163 758
442 515
775 442
899 442
442 278
442 983
442 434
442 106
751 442
657 442
680 442
887 631
631 613
631 160
631 429
631 881
558 631
639 631
631 83
631 708
631 830
169 890
890 560
874 890
555 890
890 501
890 949
890 365
778 890
890 339
890 923
613 886
613 153
613 508
613 676
613 528
899 613
613 769
992 613
613 575
613 143
141 622
141 621
141 264
141 506
141 342
141 99
652 141
141 217
954 141
141 624
937 192
398 192
192 212
192 934
533 192
144 192
192 999
192 216
618 192
192 799
541 520
520 64
643 520
520 27
520 770
879 520
713 520
520 187
559 520
520 792
782 574
574 612
574 150
273 574
574 49
906 574
574 815
932 574
135 574
574 939
421 39
421 565
895 421
421 170
421 498
421 871
656 421
421 493
421 358
421 270
465 254
465 912
465 614
465 365
465 836
655 465
682 465
465 689
232 465
800 465
313 104
313 345
463 313
144 313
192 313
313 635
293 313
313 864
313 621
313 841
338 123
338 816
134 338
5 338
11 338
204 338
338 411
338 214
338 254
285 338
914 73
582 914
276 914
797 914
383 914
225 914
291 914
398 914
657 914
914 493
12 390
777 390
690 390
390 272
92 390
390 996
205 390
390 499
232 390
631 390
871 401
529 871
541 871
871 858
871 511
871 469
871 731
871 435
871 873
871 644
275 703
275 497
275 996
595 275
275 82
275 413
785 275
275 217
275 909
266 275
232 365
365 543
365 409
365 130
365 929
365 766
365 123
365 502
365 854
271 365
793 763
763 570
98 763
763 854
522 763
810 763
618 763
763 129
763 519
763 573
657 650
253 650
650 881
650 31
654 650
629 650
757 650
650 957
838 650
782 650
682 411
411 22
411 921
411 860
861 411
411 880
411 942
937 411
411 605
411 374
394 525
821 394
394 630
394 65
183 394
636 394
394 207
394 774
706 394
394 79
140 419
419 20
419 960
871 419
674 419
631 419
419 264
419 989
419 996
419 614
658 278
589 278
278 611
278 939
278 377
278 82
278 989
171 278
278 918
278 122
350 536
350 224
350 440
350 386
628 350
350 750
253 350
30 350
350 968
373 350
681 444
681 640
681 627
681 849
681 294
63 681
111 681
681 137
681 166
749 681
120 807
807 958
807 641
520 807
807 224
907 807
719 807
807 858
807 952
807 830
69 581
581 184
945 581
581 685
292 581
789 581
581 280
686 581
581 296
705 581
631 186
186 499
906 186
273 186
186 294
961 186
875 186
186 367
186 771
186 909
896 508
877 896
629 896
68 896
896 770
785 896
896 196
896 563
111 896
896 609
842 486
486 948
486 476
549 486
578 486
883 486
786 486
314 486
745 486
639 486
881 400
322 881
325 881
881 471
675 881
716 881
881 375
101 881
881 214
719 881
378 537
378 147
273 378
463 378
757 378
378 37
378 668
378 28
372 378
378 330
858 711
492 858
858 109
858 95
558 858
858 886
682 858
858 298
765 858
858 942
378 678
678 588
308 678
697 678
203 678
973 678
678 251
428 678
844 678
877 678
75 60
75 976
75 316
75 958
762 75
336 75
75 188
75 557
75 160
179 75
70 95
70 611
220 70
105 70
70 330
877 70
89 70
165 70
70 57
70 479
389 213
317 213
101 213
213 980
108 213
213 730
230 213
780 213
455 213
213 991
57 345
133 57
57 251
57 45
322 57
57 72
57 939
57 536
57 109
57 730
406 374
406 685
406 593
969 406
767 406
775 406
406 585
406 37
838 406
290 406
228 4
228 548
228 54
871 228
228 700
228 451
228 878
765 228
228 980
97 228
745 812
175 812
268 812
812 712
812 985
204 812
747 812
812 972
812 37
812 996
229 511
529 229
229 123
229 177
155 229
411 229
229 444
229 670
229 959
229 427
109 453
109 855
109 836
953 109
109 843
109 882
109 884
320 109
431 109
433 109
694 611
425 611
868 611
306 611
182 611
611 663
611 597
611 137
611 45
611 855
145 447
145 622
145 666
650 145
145 78
145 147
697 145
558 145
145 23
77 145
590 916
916 100
916 511
141 916
313 916
892 916
448 916
916 451
503 916
105 916
441 7
896 441
441 451
441 170
861 441
736 441
158 441
91 441
441 816
475 441
701 359
701 386
701 222
701 750
701 160
992 701
311 701
745 701
34 701
51 701
54 85
54 630
54 28
54 668
54 15
891 54
54 417
54 622
54 335
111 54
508 249
508 162
508 848
508 464
508 459
508 498
508 511
961 508
508 525
63 508
985 387
985 218
985 843
182 985
985 198
985 49
405 985
985 870
579 985
985 991
512 99
777 512
291 512
961 512
332 512
441 512
512 28
512 298
512 990
819 512
422 864
864 222
864 603
248 864
449 864
656 864
783 864
154 864
864 955
864 349
399 32
32 299
705 32
361 32
32 351
32 978
3 32
312 32
32 316
32 995
566 642
16 566
566 387
566 707
566 164
566 880
566 560
213 566
431 566
649 566
266 255
625 255
40 255
986 255
954 255
927 255
556 255
721 255
241 255
594 255
26 130
130 187
130 39
625 130
130 703
130 128
155 130
261 130
788 130
130 676
798 515
798 999
288 798
798 15
215 798
540 798
185 798
798 693
798 162
899 798
167 414
167 633
200 167
820 167
329 167
167 330
167 196
520 167
460 167
167 936
246 740
246 790
255 246
246 22
246 703
116 246
246 147
246 119
988 246
385 246
589 493
648 493
140 493
890 493
493 642
394 493
493 809
340 493
837 493
493 573
312 977
697 977
322 977
977 804
764 977
977 605
716 977
977 342
977 981
977 198
45 359
45 123
45 424
45 898
608 45
45 224
45 349
300 45
636 45
45 485
360 507
594 360
360 536
360 934
360 552
360 240
517 360
360 903
90 360
360 265
838 15
916 15
16 15
15 960
15 497
15 495
598 15
15 479
759 15
15 83
600 942
942 363
942 216
461 942
942 500
813 942
942 526
942 966
942 543
869 942
239 221
239 227
239 164
239 627
239 870
438 239
239 309
239 274
121 239
239 8
811 766
493 766
766 607
766 620
766 646
508 766
945 766
125 766
766 603
766 934
535 744
744 458
744 252
937 744
391 744
747 744
744 190
307 744
744 774
744 487
993 99
993 952
993 339
993 136
292 993
428 993
993 998
322 993
993 940
993 114
316 889
228 316
455 316
555 316
376 316
316 903
439 316
316 374
316 96
888 316
504 499
616 504
504 760
504 112
842 504
932 504
504 720
504 951
504 418
203 504
921 407
961 921
921 748
556 921
921 178
921 104
356 921
921 862
718 921
921 587
673 440
250 440
440 542
209 440
239 440
223 440
440 505
690 440
195 440
440 620
307 642
642 170
913 642
642 941
910 642
366 642
642 358
478 642
757 642
179 642
337 52
52 470
437 52
600 52
950 52
117 52
52 480
165 52
52 902
348 52
642 238
503 238
905 238
446 238
238 349
238 740
238 609
142 238
269 238
238 597
464 349
464 79
833 464
867 464
910 464
474 464
206 464
464 407
422 464
464 853
902 457
653 902
902 889
902 93
105 902
902 27
902 963
902 303
902 415
534 902
42 274
776 274
896 274
874 274
274 528
953 274
274 495
145 274
215 274
274 153
968 118
968 236
764 968
529 968
968 830
673 968
968 676
968 453
408 968
40 968
626 502
502 962
502 575
493 502
581 502
155 502
502 526
502 691
502 28
502 283
354 693
354 903
230 354
12 354
613 354
502 354
555 354
354 444
354 118
354 553
148 298
475 148
148 359
148 418
736 148
2 148
148 367
148 599
148 363
405 148
270 799
270 318
75 270
270 76
270 430
408 270
270 702
270 416
270 663
337 270
779 444
779 860
596 779
246 779
314 779
779 570
875 779
675 779
779 289
286 779
42 918
642 918
900 918
755 918
478 918
918 659
110 918
324 918
260 918
918 846
253 277
784 277
797 277
10 277
277 878
277 27
277 830
277 489
679 277
158 277
578 790
790 865
790 272
737 790
790 929
790 202
790 368
322 790
790 980
807 790
475 358
392 358
539 358
982 358
713 358
868 358
496 358
269 358
358 25
456 358
143 507
143 482
268 143
143 339
143 542
311 143
463 143
894 143
684 143
632 143
529 429
735 429
582 429
429 303
694 429
783 429
943 429
737 429
30 429
300 429
599 799
599 176
599 603
97 599
599 531
599 413
876 599
599 497
589 599
209 599
385 177
530 177
177 710
985 177
772 177
554 177
276 177
177 603
177 740
177 341
182 80
80 773
257 80
80 272
80 309
921 80
80 254
80 59
80 430
643 80
159 670
822 670
893 670
670 267
670 847
670 381
920 670
670 930
204 670
670 173
538 707
192 707
707 216
248 707
653 707
493 707
54 707
707 191
611 707
692 707
52 976
976 25
327 976
350 976
976 972
308 976
320 976
976 254
976 259
976 494
364 181
364 732
364 974
364 388
304 364
394 364
364 381
678 364
364 189
364 835
410 127
410 851
669 410
410 243
661 410
410 416
410 184
545 410
410 482
410 187
558 500
500 379
352 500
500 287
500 597
500 122
500 770
915 500
845 500
326 500
236 929
236 27
874 236
236 620
492 236
493 236
942 236
159 236
51 236
718 236
246 81
81 662
81 620
81 482
81 974
81 633
81 458
81 543
472 81
108 81
170 106
170 624
177 170
170 750
170 995
910 170
555 170
170 733
170 482
170 479
891 388
393 388
918 388
313 388
821 388
388 79
388 289
388 672
942 388
541 388
369 382
382 64
867 382
382 484
382 387
382 164
382 118
382 903
382 836
382 528
91 849
40 849
849 284
849 444
849 525
533 849
849 28
849 601
849 952
849 884
179 769
806 769
769 952
769 667
769 604
769 251
769 509
769 683
769 980
92 769
537 400
645 537
537 570
534 537
537 698
2 537
111 537
408 537
442 537
801 537
41 922
686 922
922 975
402 922
6 922
922 854
533 922
916 922
922 996
21 922
290 64
204 64
541 64
728 64
551 64
64 561
90 64
64 609
64 152
291 64
622 886
806 622
622 543
622 380
322 622
622 563
622 685
622 267
556 622
210 622
998 129
30 998
998 495
998 830
790 998
598 998
998 805
71 998
69 998
998 923
687 379
687 787
833 687
135 687
200 687
687 323
687 259
687 752
687 435
514 687
631 553
553 685
553 400
236 553
553 651
195 553
920 553
553 280
553 980
745 553
685 603
365 685
977 685
555 685
685 593
685 309
358 685
685 66
685 162
685 362
798 557
557 24
557 362
557 863
334 557
985 557
557 929
557 831
405 557
163 557
265 586
265 430
265 451
265 375
786 265
291 265
265 321
265 505
265 1
306 265
453 287
453 836
623 453
453 434
453 997
453 104
555 453
391 453
16 453
453 711
425 476
308 476
728 476
476 380
954 476
626 476
828 476
47 476
148 476
823 476
803 331
331 855
331 981
91 331
922 331
331 848
965 331
337 331
239 331
326 331
296 862
296 702
296 666
296 249
296 196
649 296
868 296
296 73
16 296
825 296
917 1
917 78
277 917
917 417
706 917
21 917
917 153
15 917
186 917
917 22
7 506
255 7
7 413
508 7
200 7
7 739
302 7
973 7
7 923
611 7
710 933
332 710
710 305
670 710
710 543
710 396
710 115
710 720
710 733
199 710
870 126
822 870
870 641
834 870
870 85
870 548
448 870
870 409
870 139
306 870
831 435
831 444
320 831
52 831
831 498
819 831
831 415
831 939
782 831
402 831
99 126
99 17
101 99
41 99
915 99
556 99
616 99
798 99
99 542
99 258
968 908
908 511
168 908
914 908
338 908
389 908
634 908
908 485
908 928
908 76
280 387
503 280
685 280
280 396
161 280
280 509
280 588
280 193
472 280
280 662
605 731
605 689
296 605
890 605
697 605
605 957
637 605
454 605
605 139
350 605
572 513
520 513
513 73
296 513
371 513
513 972
513 839
21 513
737 513
203 513
984 995
984 606
192 984
890 984
762 984
679 984
308 984
253 984
984 447
636 984
610 387
286 610
610 86
759 610
41 610
91 610
610 941
611 610
453 610
143 610
79 427
10 79
831 79
916 79
79 872
637 79
79 683
476 79
300 79
79 843
451 951
331 451
451 525
146 451
7 451
451 281
670 451
451 363
650 451
578 451
65 224
65 936
65 62
803 65
65 714
65 196
65 303
77 65
65 703
65 666
787 531
576 787
787 39
441 787
199 787
829 787
837 787
291 787
787 187
787 909
897 960
897 198
235 897
134 897
823 897
897 494
897 662
650 897
897 930
68 897
254 912
574 254
254 362
84 254
236 254
647 254
254 321
529 254
317 254
254 470
463 732
210 732
52 732
732 281
159 732
462 732
732 363
738 732
806 732
390 732
888 174
254 174
174 952
174 525
174 528
376 174
639 174
12 174
874 174
350 174
156 999
971 999
999 184
239 999
539 999
999 835
999 178
697 999
175 999
567 999
224 607
92 224
988 224
224 903
224 25
248 224
768 224
165 224
443 224
371 224
371 688
688 978
631 688
483 688
567 688
688 805
389 688
998 688
688 746
688 523
178 975
918 178
178 137
178 792
277 178
178 216
844 178
788 178
178 367
178 295
880 799
880 1
880 221
654 880
831 880
880 379
880 930
880 36
880 470
880 773
869 949
949 929
618 949
949 78
373 949
397 949
945 949
949 412
949 279
949 865
993 854
80 854
697 854
580 854
337 854
984 854
51 854
822 854
34 854
229 854
949 960
960 981
960 482
960 335
960 676
871 960
613 960
960 473
513 960
960 901
501 36
501 592
501 149
893 501
501 284
501 952
501 247
172 501
501 565
501 106
49 458
273 49
49 27
891 49
960 49
49 525
49 31
49 676
885 49
49 792
240 386
971 240
240 164
619 240
984 240
236 240
240 342
240 510
240 898
926 240
148 284
284 202
284 991
669 284
544 284
284 197
284 802
900 284
284 689
790 284
940 620
723 940
713 940
940 689
967 940
940 882
984 940
956 940
940 962
423 940
151 621
769 151
130 151
151 941
151 305
151 244
2 151
533 151
312 151
151 683
689 468
689 756
322 689
807 689
803 689
689 796
151 689
131 689
77 689
689 816
861 938
143 938
938 997
977 938
254 938
803 938
228 938
721 938
938 552
133 938
447 972
447 166
253 447
312 447
447 147
447 342
447 430
447 646
265 447
447 506
622 843
843 119
843 401
268 843
895 843
843 473
843 481
762 843
204 843
803 843
3 272
382 272
101 272
906 272
775 272
870 272
272 374
272 495
272 818
272 258
412 386
455 412
932 412
372 412
895 412
38 412
412 150
238 412
412 202
973 412
247 575
907 247
247 560
742 247
514 247
156 247
665 247
639 247
366 247
657 247
303 479
248 303
810 303
303 617
98 303
303 409
303 298
631 303
580 303
365 303
584 25
25 74
134 25
870 25
868 25
25 103
611 25
867 25
125 25
25 714
929 22
929 677
929 935
553 929
58 929
929 395
428 929
929 349
755 929
929 826
749 633
501 633
633 536
887 633
910 633
182 633
969 633
633 189
807 633
681 633
3 132
613 132
38 132
132 853
628 132
70 132
132 957
340 132
132 374
132 193
962 873
200 962
278 962
962 569
784 962
962 974
962 770
962 357
921 962
811 962
737 975
975 546
779 975
600 975
975 469
271 975
269 975
953 975
975 550
572 975
699 816
816 791
816 550
816 995
697 816
816 83
816 118
598 816
816 187
55 816
95 147
675 95
95 543
91 95
992 95
389 95
440 95
95 542
95 588
893 95
467 935
178 467
905 467
655 467
174 467
732 467
224 467
486 467
467 196
276 467
288 621
365 621
907 621
274 621
502 621
488 621
621 663
183 621
621 495
621 898
777 855
855 884
855 714
143 855
745 855
855 662
812 855
410 855
633 855
356 855
49 809
961 809
809 218
675 809
410 809
809 19
809 444
821 809
809 93
618 809
724 202
202 644
405 202
938 202
448 202
132 202
202 124
223 202
767 202
202 573
116 17
389 17
397 17
312 17
248 17
451 17
17 59
508 17
17 903
533 17
97 997
154 997
864 997
997 19
997 480
6 997
997 964
997 860
361 997
997 420
822 374
374 379
877 374
374 150
374 469
374 703
200 374
374 981
374 948
7 374
405 691
250 691
892 691
623 691
691 667
213 691
292 691
691 104
691 282
322 691
535 903
171 903
903 193
924 903
769 903
903 345
290 903
293 903
685 903
900 903
555 796
319 796
796 147
371 796
268 796
138 796
796 693
185 796
796 627
709 796
119 31
119 615
168 119
412 119
119 221
119 299
304 119
224 119
767 119
119 830
514 481
7 481
109 481
993 481
481 519
260 481
481 118
481 359
481 571
481 607
4 546
4 660
238 4
211 4
277 4
4 176
348 4
4 258
4 752
232 4
421 400
697 400
91 400
859 400
391 400
245 400
400 995
400 321
944 400
400 33
665 318
318 23
210 318
541 318
787 318
461 318
32 318
318 490
654 318
318 592
572 979
979 525
979 752
979 826
738 979
979 552
52 979
979 444
979 873
979 955
33 588
637 33
241 33
578 33
710 33
551 33
789 33
33 672
823 33
842 33
468 60
324 468
574 468
969 468
468 846
399 468
315 468
790 468
468 491
854 468
213 990
686 990
885 990
852 990
701 990
990 863
990 103
645 990
861 990
32 990
369 243
372 243
243 198
243 147
243 444
243 126
34 243
829 243
243 720
502 243
343 635
602 635
544 635
390 635
635 818
927 635
635 601
408 635
914 635
975 635
755 561
561 216
561 518
561 150
811 561
561 617
141 561
852 561
286 561
561 62
766 480
968 480
480 212
480 395
480 830
15 480
241 480
755 480
735 480
728 480
646 252
94 646
493 646
646 227
646 414
646 847
646 445
646 28
513 646
946 646
725 470
726 470
45 470
476 470
649 470
470 587
292 470
470 898
735 470
470 252
563 791
563 252
897 563
762 563
563 19
563 746
563 695
858 563
563 847
796 563
208 147
453 208
165 208
94 208
921 208
10 208
268 208
18 208
208 846
208 711
933 342
689 933
590 933
950 933
933 424
933 494
32 933
179 933
56 933
785 933
32 536
314 536
536 836
536 114
421 536
270 536
536 349
536 754
536 862
536 380
179 173
984 173
987 173
173 733
173 711
91 173
173 482
173 750
566 173
910 173
160 664
611 160
160 59
160 359
160 847
621 160
160 703
346 160
160 754
492 160
64 565
565 826
825 565
565 624
565 912
75 565
639 565
565 152
146 565
565 413
712 542
712 83
712 981
57 712
712 791
421 712
320 712
712 227
682 712
376 712
135 604
374 604
268 604
604 217
604 904
907 604
608 604
604 511
604 227
604 283
98 401
855 401
579 401
42 401
600 401
671 401
401 700
535 401
401 499
401 830
750 353
665 750
448 750
956 750
726 750
871 750
977 750
750 996
257 750
209 750
435 252
764 435
712 435
435 731
600 435
504 435
365 435
98 435
435 957
435 61
207 972
949 207
665 207
174 207
207 802
239 207
207 62
207 44
207 808
446 207
237 136
54 136
121 136
136 739
777 136
812 136
829 136
642 136
374 136
474 136
932 592
938 592
408 592
411 592
207 592
248 592
592 824
592 482
812 592
201 592
11 212
212 708
307 212
212 104
255 212
212 904
385 212
212 695
466 212
538 212
171 824
969 824
431 824
769 824
385 824
790 824
916 824
356 824
243 824
476 824
233 298
233 730
990 233
973 233
442 233
69 233
233 153
712 233
130 233
151 233
497 221
497 548
497 128
389 497
497 815
497 147
160 497
497 630
632 497
803 497
360 527
131 527
824 527
236 527
527 983
431 527
745 527
41 527
527 836
277 527
20 234
706 20
148 20
844 20
432 20
20 660
20 730
480 20
20 959
793 20
538 570
343 570
570 698
594 570
570 740
744 570
916 570
570 375
786 570
570 521
135 698
610 698
698 740
793 698
698 281
522 698
365 698
406 698
32 698
698 882
520 127
127 507
127 114
742 127
127 128
127 363
850 127
602 127
391 127
397 127
674 214
397 214
276 214
894 214
214 664
245 214
450 214
117 214
404 214
214 420
502 499
499 344
777 499
499 287
20 499
499 72
562 499
499 494
499 695
755 499
533 597
597 216
597 436
559 597
762 597
597 606
597 344
334 597
597 624
95 597
624 414
999 624
624 591
624 882
412 624
284 624
624 947
474 624
263 624
624 244
488 359
990 359
871 359
359 357
508 359
156 359
893 359
678 359
278 359
359 395
712 523
523 377
523 802
107 523
893 523
523 934
864 523
578 523
523 506
876 523
450 335
335 452
780 335
3 335
335 711
95 335
307 335
763 335
549 335
335 427
62 434
62 305
783 62
719 62
62 693
62 487
62 591
62 104
62 703
62 972
121 24
24 137
24 187
783 24
148 24
564 24
661 24
24 310
24 112
359 24
901 386
796 901
901 640
30 901
901 413
581 901
241 901
145 901
503 901
894 901
710 802
329 802
802 660
802 752
802 683
802 506
765 802
669 802
802 150
624 802
706 664
483 664
32 664
664 733
664 791
664 484
359 664
664 333
261 664
664 525
18 106
106 509
106 368
106 458
678 106
106 445
185 106
284 106
12 106
598 106
589 760
760 27
361 760
760 827
394 760
760 641
760 128
70 760
760 96
169 760
126 37
126 379
5 126
126 748
350 126
291 126
126 19
969 126
322 126
411 126
824 73
73 754
73 495
235 73
73 774
141 73
73 305
551 73
537 73
212 73
418 344
266 418
158 418
418 792
686 418
514 418
418 367
418 381
637 418
715 418
549 996
996 683
996 591
996 568
996 407
996 471
56 996
391 996
795 996
658 996
408 457
492 457
401 457
570 457
457 663
834 457
457 739
828 457
383 457
457 865
195 995
503 995
890 995
555 995
852 995
995 413
212 995
721 995
761 995
300 995
353 85
20 353
532 353
290 353
937 353
75 353
875 353
682 353
141 353
437 353
17 730
992 730
730 991
730 283
564 730
578 730
390 730
87 730
881 730
879 730
675 515
138 515
470 515
515 593
787 515
312 515
109 515
515 668
141 515
389 515
369 452
15 452
452 603
749 452
452 114
452 489
968 452
822 452
155 452
680 452
352 667
452 667
852 667
30 667
999 667
610 667
388 667
921 667
794 667
455 667
553 22
138 22
22 521
22 836
22 830
22 799
22 88
272 22
937 22
22 528
189 294
189 194
189 1
189 886
807 189
189 846
870 189
189 568
189 872
189 323
665 436
262 436
436 832
436 413
174 436
436 197
214 436
215 436
777 436
436 588
870 620
293 620
620 531
620 368
22 620
535 620
385 620
620 344
648 620
728 620
383 693
763 693
693 603
291 693
693 375
760 693
214 693
925 693
801 693
693 83
38 309
605 309
161 309
309 473
14 309
48 309
309 381
309 78
10 309
111 309
730 836
693 836
616 836
671 836
836 746
559 836
530 836
398 836
836 521
780 836
733 560
733 830
389 733
733 217
537 733
431 733
733 407
843 733
733 60
733 651
743 66
880 66
42 66
66 118
256 66
925 66
66 991
140 66
66 853
671 66
620 282
282 964
798 282
581 282
890 282
982 282
449 282
456 282
977 282
760 282
21 994
655 994
291 994
994 695
308 994
994 958
828 994
944 994
327 994
990 994
192 591
874 591
925 591
591 386
881 591
400 591
435 591
570 591
845 591
591 550
778 407
407 342
316 407
642 407
12 407
407 959
148 407
772 407
107 407
581 407
694 935
201 935
935 573
855 935
798 935
937 935
744 935
935 283
901 935
935 489
869 362
362 113
362 78
245 362
733 362
98 362
362 860
109 362
362 740
999 362
555 506
506 666
370 506
506 746
506 805
192 506
506 484
602 506
504 506
506 321
173 222
156 222
222 640
222 23
578 222
222 505
222 615
567 222
215 222
634 222
830 739
830 83
432 830
532 830
855 830
830 878
830 695
97 830
457 830
26 830
328 720
539 328
1000 328
328 218
354 328
328 19
269 328
328 839
328 739
301 328
658 367
388 367
367 659
367 123
367 368
9 367
693 367
286 367
421 367
50 367
923 427
796 923
923 489
107 923
432 923
867 923
923 862
624 923
290 923
712 923
582 799
926 799
50 799
749 799
777 799
358 799
452 799
481 799
624 799
887 799
924 344
17 344
727 344
880 344
209 344
626 344
481 344
350 344
476 344
500 344
460 487
619 487
686 487
487 966
487 349
533 487
45 487
429 487
132 487
487 396
16 377
350 377
209 377
20 377
503 377
520 377
377 617
377 952
203 377
817 377
556 934
934 630
961 934
536 934
885 934
69 934
265 934
7 934
423 934
470 934
544 939
939 957
284 939
106 939
29 939
170 939
779 939
939 23
561 939
939 102
513 427
427 663
427 458
719 427
698 427
987 427
427 23
753 427
427 259
608 427
808 279
808 459
808 560
533 808
77 808
121 808
808 518
478 808
808 294
18 808
446 872
743 872
235 872
674 872
646 872
986 872
687 872
372 872
721 872
185 872
973 978
598 978
502 978
978 660
978 363
334 978
978 129
978 226
11 978
55 978
295 586
772 295
183 295
295 734
732 295
95 295
687 295
295 139
377 295
893 295
764 252
252 531
806 252
888 252
252 164
674 252
852 252
252 756
513 252
535 252
765 991
991 832
441 991
910 991
596 991
372 991
988 991
255 991
138 991
410 991
326 659
659 387
592 659
929 659
580 659
4 659
795 659
967 659
659 384
661 659
903 550
550 473
550 420
550 974
163 550
550 586
550 299
408 550
550 666
812 550
522 964
127 964
786 964
682 964
964 560
9 964
550 964
537 964
148 964
224 964
770 124
913 770
269 770
561 770
998 770
291 770
770 357
161 770
64 770
374 770
852 482
570 482
674 482
995 482
517 482
938 482
302 482
597 482
905 482
482 546
52 660
890 660
660 35
660 677
660 951
438 660
304 660
660 848
410 660
821 660
335 886
836 886
145 886
886 593
886 351
886 187
886 848
886 909
886 381
886 947
446 333
333 479
333 507
452 333
481 333
333 323
759 333
151 333
333 67
333 617
311 157
157 86
730 157
206 157
4 157
214 157
844 157
954 157
133 157
801 157
504 396
647 396
396 267
855 396
396 593
396 585
138 396
894 396
396 485
396 952
939 526
126 526
526 484
916 526
189 526
902 526
526 44
288 526
526 72
897 526
159 323
561 323
642 323
854 323
323 489
934 323
493 323
513 323
256 323
323 863
547 832
360 832
832 489
832 898
175 832
451 832
832 227
303 832
232 832
506 832
521 878
521 627
990 521
141 521
271 521
177 521
169 521
521 191
343 521
649 521
834 989
686 989
989 507
671 989
989 36
942 989
405 989
448 989
823 989
437 989
307 23
398 23
405 23
23 414
433 23
557 23
397 23
245 23
842 23
57 23
592 957
957 494
957 123
681 957
30 957
910 957
859 957
146 957
920 957
956 957
706 44
44 884
422 44
864 44
817 44
44 666
650 44
44 617
44 683
555 44
920 1
327 1
949 1
1 856
211 1
591 1
852 1
276 1
1 310
203 1
917 375
375 46
669 375
824 375
908 375
273 375
375 289
16 375
921 375
375 414
73 190
440 190
768 190
142 190
559 190
116 190
165 190
215 190
136 190
581 190
909 351
909 76
457 909
909 518
811 909
909 349
801 909
449 909
909 147
374 909
823 495
495 37
495 573
495 543
276 495
986 495
462 495
142 495
17 495
828 495
638 294
550 294
240 294
64 294
294 100
294 46
920 294
312 294
670 294
294 542
833 384
682 384
384 841
4 384
611 384
384 884
922 384
384 739
890 384
384 93
663 983
764 663
437 663
488 663
500 663
577 663
642 663
653 663
832 663
834 663
338 720
720 196
530 720
919 720
781 720
388 720
720 509
720 283
809 720
195 720
896 379
276 379
247 379
379 297
204 379
497 379
957 379
984 379
379 748
315 379
130 298
808 298
298 839
777 298
540 298
849 298
634 298
616 298
172 298
73 298
827 505
583 827
824 827
373 827
532 827
829 827
77 827
13 827
827 518
659 827
302 974
512 974
107 974
333 974
974 115
816 974
744 974
205 974
974 191
534 974
504 305
305 139
537 305
148 305
474 305
30 305
950 305
377 305
65 305
305 862
313 511
11 511
404 511
511 546
716 511
517 511
896 511
271 511
962 511
63 511
665 113
168 113
733 113
113 519
558 113
738 113
949 113
239 113
113 283
316 113
961 980
254 980
980 264
980 129
727 980
642 980
980 525
980 244
635 980
980 587
953 188
502 188
680 188
709 188
188 609
599 188
32 188
182 188
817 188
188 912
495 115
922 115
115 226
260 115
431 115
481 115
195 115
701 115
348 115
115 528
967 612
1 612
478 612
447 612
4 612
126 612
109 612
563 612
880 612
99 612
925 731
425 731
731 86
795 731
777 731
628 731
222 731
731 479
12 731
731 19
338 630
630 387
630 426
92 630
332 630
120 630
630 176
365 630
410 630
597 630
964 444
895 444
185 444
240 444
939 444
444 494
535 444
208 444
757 444
444 100
49 72
167 72
810 72
72 297
632 72
446 72
328 72
934 72
534 72
973 72
97 862
671 862
263 862
597 862
901 862
356 862
862 683
849 862
862 951
523 862
703 8
794 703
703 137
703 959
529 703
113 703
199 703
736 703
273 703
772 703
895 76
744 76
464 76
76 966
12 76
594 76
521 76
76 981
919 76
634 76
173 614
161 614
993 614
614 409
614 93
614 180
638 614
277 614
768 614
862 614
315 569
808 569
130 569
869 569
338 569
645 569
569 603
897 569
145 569
533 569
515 863
5 863
688 863
974 863
421 863
863 734
449 863
612 863
614 863
178 863
248 112
625 112
230 112
365 112
541 112
825 112
949 112
408 112
323 112
881 112
899 756
756 150
970 756
304 756
313 756
756 509
269 756
570 756
692 756
706 756
197 53
964 197
598 197
12 197
628 197
824 197
143 197
47 197
474 197
749 197
963 846
358 963
202 963
778 963
747 963
721 963
727 963
819 963
91 963
963 672
523 528
475 528
535 528
207 528
528 848
528 640
356 528
376 528
140 528
795 528
141 519
960 519
519 860
519 485
757 519
910 519
419 519
705 519
654 519
474 519
24 78
845 78
78 717
16 78
516 78
802 78
896 78
5 78
724 78
241 78
458 491
458 166
265 458
476 458
9 458
914 458
784 458
400 458
626 458
655 458
554 739
160 739
739 958
411 739
173 739
681 739
824 739
764 739
918 739
398 739
967 122
610 122
271 122
240 122
23 122
986 122
122 416
122 152
252 122
122 363
431 129
378 129
694 129
503 129
129 299
513 129
119 129
269 129
692 129
987 129
641 928
660 641
715 641
438 641
641 668
612 641
641 153
931 641
739 641
55 641
895 184
812 184
294 184
513 184
41 184
765 184
412 184
170 184
940 184
184 510
462 123
263 123
170 123
63 123
559 123
551 123
890 123
123 473
332 123
123 251
979 414
414 395
414 491
895 414
486 414
414 948
806 414
634 414
414 82
183 414
155 865
317 865
478 865
418 865
806 865
502 865
487 865
612 865
968 865
72 865
838 37
504 37
52 37
720 37
428 37
384 37
37 593
991 37
502 37
229 37
957 711
888 711
138 711
54 711
990 711
711 434
110 711
495 711
711 695
788 711
814 299
810 814
328 814
988 814
645 814
814 181
814 509
515 814
99 814
529 814
866 489
736 489
302 489
489 958
433 489
489 35
776 489
489 83
489 226
57 489
118 818
261 118
29 118
929 118
595 118
932 118
831 118
118 74
13 118
915 118
424 507
298 424
263 424
424 683
726 424
424 287
712 424
886 424
155 424
253 424
954 387
423 387
188 387
312 387
200 387
554 387
908 387
782 387
817 387
51 387
341 695
341 102
341 162
50 341
964 341
698 341
995 341
854 341
12 341
307 341
293 310
732 310
996 310
262 310
669 310
747 310
660 310
310 617
222 310
886 310
481 27
27 459
779 27
78 27
407 27
106 27
733 27
731 27
27 586
504 27
440 947
935 947
17 947
188 947
223 947
982 947
880 947
592 947
170 947
493 947
145 941
722 941
941 357
921 941
941 88
51 941
891 941
378 941
971 941
248 941
570 355
355 251
190 355
901 355
174 355
934 355
26 355
355 740
355 31
9 355
615 176
615 67
756 615
501 615
91 615
615 700
615 571
63 615
448 615
58 615
93 746
974 93
508 93
93 702
612 93
42 93
997 93
174 93
101 93
93 792
439 791
791 952
791 137
963 791
344 791
791 510
356 791
442 791
791 28
266 791
797 339
202 339
383 339
723 339
943 339
339 416
385 339
443 339
897 339
252 339
306 321
935 321
76 321
371 321
361 321
874 321
186 321
73 321
224 321
321 884
889 445
889 342
18 889
140 889
22 889
720 889
266 889
105 889
721 889
833 889
2 381
946 381
998 381
499 381
813 381
240 381
461 381
101 381
269 381
154 381
574 363
891 363
245 363
363 380
940 363
14 363
594 363
363 150
881 363
633 363
383 198
360 198
90 198
767 198
199 198
198 507
757 198
513 198
578 198
198 771
192 473
801 473
732 473
638 473
247 473
253 473
133 473
473 677
800 473
350 473
422 46
427 46
58 46
46 357
705 46
46 281
463 46
320 46
798 46
240 46
41 930
172 930
478 930
327 930
838 930
930 702
73 930
40 930
589 930
733 930
975 603
603 952
727 603
232 603
540 603
29 603
603 878
248 603
98 603
603 714
56 505
997 505
21 505
697 505
712 505
177 505
796 505
353 505
168 505
975 505
218 147
75 218
501 218
436 218
33 218
218 585
907 218
339 218
618 218
576 218
586 330
907 586
269 586
362 586
718 586
4 586
586 851
794 586
113 586
980 586
539 748
748 848
748 601
339 748
557 748
660 748
97 748
748 415
914 748
431 748
72 702
940 702
169 702
366 702
709 702
563 702
702 459
336 702
620 702
437 702
268 471
705 471
471 180
438 471
557 471
228 471
830 471
336 471
441 471
5 471
775 846
618 846
495 846
335 846
690 846
528 846
846 53
671 846
812 846
719 846
153 717
20 153
153 683
814 153
223 153
422 153
812 153
363 153
199 153
153 227
876 194
852 194
801 194
471 194
199 194
765 194
197 194
37 194
301 194
796 194
572 959
516 959
959 627
155 959
348 959
185 959
280 959
184 959
798 959
136 959
429 36
36 28
36 88
36 773
167 36
760 36
353 36
719 36
527 36
36 714
305 853
586 853
371 853
793 853
364 853
671 853
914 853
599 853
750 853
189 853
902 606
913 606
69 606
493 606
487 606
744 606
466 606
110 606
89 606
686 606
116 176
959 176
176 368
781 176
763 176
194 176
132 176
20 176
136 176
831 176
712 651
651 717
172 651
918 651
98 651
529 651
849 651
431 651
651 196
785 651
263 67
155 67
321 67
65 67
67 299
511 67
67 221
797 67
67 815
914 67
546 82
266 546
546 60
620 546
110 546
921 546
116 546
660 546
301 546
796 546
658 773
521 773
42 773
565 773
665 773
796 773
827 773
830 773
994 773
58 773
841 420
757 841
209 841
456 841
841 413
989 841
841 124
500 841
576 841
969 841
37 510
949 510
112 510
243 510
739 510
1 510
725 510
944 510
510 575
396 510
476 216
233 216
204 216
857 216
591 216
710 216
688 216
600 216
216 856
970 216
515 531
566 531
870 531
901 531
572 531
737 531
531 485
769 531
614 531
30 531
298 426
246 426
808 426
871 426
133 426
230 426
663 426
689 426
458 426
762 426
826 259
826 966
772 826
903 826
590 826
321 826
545 826
790 826
374 826
452 826
981 676
981 82
5 981
938 981
52 981
954 981
384 981
937 981
981 746
613 981
590 102
271 102
553 102
102 552
997 102
521 102
881 102
175 102
102 166
207 102
260 752
656 752
872 752
812 752
248 752
361 752
47 752
192 752
515 752
752 166
641 217
160 217
123 217
119 217
504 217
388 217
308 217
90 217
265 217
220 217
936 166
467 936
220 936
831 936
936 860
257 936
301 936
936 754
756 936
337 936
230 677
677 28
530 677
237 677
712 677
367 677
745 677
134 677
371 677
419 677
278 804
804 573
248 804
470 804
804 746
574 804
777 804
656 804
412 804
804 469
321 459
649 459
65 459
265 459
466 459
459 815
94 459
384 459
987 459
493 459
484 588
27 484
656 484
307 484
484 884
70 484
709 484
365 484
452 484
401 484
313 587
908 587
876 587
587 717
475 587
587 395
587 416
565 587
704 587
232 587
382 96
508 96
43 96
793 96
522 96
899 96
537 96
188 96
81 96
864 96
689 771
608 771
775 771
748 771
749 771
634 771
685 771
813 771
492 771
97 771
448 644
913 644
366 644
293 644
644 898
319 644
204 644
680 644
233 644
590 644
774 345
774 342
589 774
133 774
735 774
793 774
800 774
774 39
639 774
48 774
796 416
629 416
755 416
416 882
750 416
578 416
416 552
268 416
667 416
347 416
11 251
87 251
443 251
80 251
122 251
535 251
914 251
251 8
656 251
219 251
260 164
164 196
769 164
885 164
499 164
968 164
51 164
514 164
516 164
33 164
725 588
324 588
707 588
355 588
588 267
669 588
588 548
588 494
541 588
564 588
115 59
323 59
468 59
989 59
956 59
457 59
549 59
308 59
424 59
99 59
127 708
70 708
98 708
673 708
638 708
238 708
745 708
182 708
708 434
889 708
426 860
914 860
669 860
275 860
54 860
938 860
720 860
438 860
132 860
422 860
247 342
990 342
503 342
355 342
456 342
342 847
987 342
372 342
772 342
925 342
415 60
132 415
415 525
67 415
415 607
804 415
881 415
415 878
514 415
415 585
777 851
253 851
337 851
693 851
851 815
613 851
407 851
999 851
921 851
851 955
308 575
118 575
231 575
618 575
745 575
599 575
326 575
266 575
202 575
223 575
409 349
866 409
415 409
906 409
842 409
624 409
844 409
994 409
515 409
442 409
992 234
344 234
116 234
327 234
428 234
323 234
922 234
481 234
645 234
544 234
248 585
585 196
801 585
260 585
585 114
942 585
423 585
97 585
117 585
540 585
852 100
812 100
409 100
3 100
587 100
467 100
604 100
100 351
100 815
499 100
247 114
245 114
771 114
275 114
114 601
410 114
256 114
376 114
944 114
647 114
881 754
565 754
635 754
889 754
590 754
275 754
276 754
754 86
243 754
566 754
883 8
87 8
399 8
889 8
726 8
8 560
421 8
293 8
178 8
719 8
300 560
779 560
722 560
240 560
546 560
749 560
18 560
158 560
560 714
385 560
531 287
559 287
287 856
287 972
317 287
348 287
927 287
189 287
287 573
54 287
819 966
70 966
459 966
800 966
154 966
966 193
872 966
506 966
416 966
592 966
761 162
765 162
465 162
162 525
355 162
250 162
234 162
614 162
551 162
162 196
791 640
640 983
744 640
833 640
819 640
767 640
117 640
317 640
118 640
640 948
844 249
529 249
876 249
889 249
433 249
826 249
94 249
342 249
823 249
249 878
567 898
492 898
100 898
841 898
898 242
562 898
677 898
712 898
586 898
121 898
811 242
315 242
242 683
785 242
126 242
145 242
228 242
242 543
229 242
790 242
7 82
943 82
726 82
48 82
65 82
210 82
404 82
403 82
401 82
484 82
35 912
176 35
488 35
35 948
941 35
129 35
34 35
710 35
790 35
209 35
347 518
602 518
710 518
358 518
359 518
594 518
961 518
483 518
389 518
321 518
558 571
389 571
476 571
539 571
823 571
392 571
691 571
757 571
492 571
340 571
601 485
132 601
655 601
605 601
229 601
711 601
4 601
909 601
761 601
863 601
800 911
712 911
892 911
911 434
664 911
729 911
828 911
971 911
887 911
563 911
527 413
127 413
230 413
71 413
575 413
602 413
366 413
801 413
413 847
328 413
440 672
285 672
522 672
337 672
506 672
539 672
807 672
472 672
113 672
298 672
504 609
369 609
895 609
501 609
996 609
591 609
642 609
630 609
440 609
79 609
453 264
694 264
537 264
214 264
50 264
356 264
591 264
962 264
493 264
586 264
415 368
906 368
907 368
842 368
396 368
373 368
368 717
368 139
650 368
703 368
798 627
460 627
545 627
471 627
282 627
319 627
398 627
486 627
514 627
303 627
345 548
160 345
209 345
345 279
27 345
345 281
233 345
883 345
378 345
723 345
126 955
318 955
562 955
653 955
263 955
955 74
940 955
955 227
956 955
799 955
317 573
455 573
329 573
572 573
41 573
339 573
269 573
470 573
174 573
965 573
137 884
685 137
382 137
898 137
15 137
612 137
696 137
72 137
137 330
482 137
793 227
988 227
864 227
227 181
515 227
448 227
581 227
946 227
663 227
455 227
247 848
265 848
946 848
962 848
685 848
334 848
495 848
781 848
854 848
848 662
554 524
819 524
22 524
366 524
6 524
812 524
110 524
511 524
868 524
62 524
506 568
472 568
183 568
811 568
443 568
851 568
568 714
502 568
568 548
119 568
618 283
657 283
401 283
291 283
387 283
324 283
359 283
472 283
410 283
72 283
836 835
344 835
835 86
18 835
175 835
896 835
164 835
156 835
23 835
198 835
112 607
52 607
125 607
497 607
798 607
633 607
607 485
327 607
770 607
628 607
368 330
51 330
212 330
237 330
435 330
642 330
654 330
224 330
292 330
466 330
796 695
116 695
859 695
695 714
695 668
125 695
257 695
810 695
192 695
176 695
769 666
283 666
968 666
378 666
715 666
944 666
565 666
146 666
919 666
209 666
535 856
974 856
682 856
856 445
696 856
355 856
500 856
603 856
198 856
59 856
630 717
717 61
717 281
127 717
945 717
402 717
605 717
891 717
701 717
524 717
86 28
17 86
859 86
251 86
981 86
961 86
245 86
117 86
314 86
317 86
356 128
863 128
876 128
906 128
183 128
559 128
991 128
335 128
870 128
64 128
712 434
994 434
618 434
25 434
119 434
57 434
332 434
368 434
304 434
429 434
141 951
825 951
799 951
475 951
842 951
505 951
554 951
288 951
611 951
375 951
127 221
823 221
221 928
370 221
893 221
309 221
194 221
459 221
347 221
725 221
342 878
678 878
251 878
685 878
754 878
235 878
878 85
762 878
903 878
209 878
399 479
609 479
106 479
262 479
112 479
62 479
993 479
391 479
889 479
907 479
60 948
144 60
858 60
382 60
42 60
481 60
722 60
309 60
869 60
384 60
421 193
817 193
98 193
562 193
607 193
618 193
936 193
131 193
591 193
732 193
386 593
513 386
355 386
354 386
338 386
86 386
664 386
386 39
21 386
386 53
614 267
314 267
863 267
343 267
480 267
611 267
267 676
43 267
130 267
504 267
514 805
114 805
805 839
245 805
965 805
141 805
938 805
875 805
925 805
805 593
874 244
244 952
358 244
625 244
5 244
895 244
656 244
396 244
422 244
785 244
82 357
553 357
357 498
774 357
325 357
241 357
3 357
836 357
265 357
991 357
654 714
508 714
486 714
706 714
98 714
896 714
714 28
329 714
155 714
266 714
469 61
595 469
501 469
177 469
260 469
286 469
652 469
771 469
599 469
858 469
997 74
573 74
561 74
403 74
869 74
74 491
438 74
689 74
855 74
74 525
556 525
898 525
918 525
652 525
186 525
189 525
27 525
782 525
194 525
525 815
182 152
599 152
152 28
631 152
127 152
979 152
901 152
298 152
943 152
791 152
895 952
693 952
392 952
399 952
261 952
919 952
609 952
205 952
686 952
696 952
458 187
353 187
474 187
876 187
187 180
576 187
565 187
926 187
610 187
162 187
132 166
527 166
310 166
194 166
268 166
142 166
782 166
187 166
166 430
339 166
379 792
767 792
134 792
411 792
444 792
792 912
303 792
965 792
792 380
355 792
804 103
322 103
148 103
256 103
596 103
702 103
778 103
636 103
362 103
835 103
610 972
602 972
202 972
322 972
487 972
303 972
277 972
800 972
850 972
524 972
946 180
74 180
970 180
770 180
34 180
180 61
246 180
717 180
495 180
408 180
797 53
636 53
364 53
655 53
53 884
859 53
344 53
53 258
861 53
437 53
881 818
925 818
216 818
692 818
123 818
317 818
721 818
710 818
681 818
292 818
727 542
664 542
450 542
542 668
367 542
404 542
418 542
438 542
909 542
58 542
146 149
256 149
252 149
157 149
818 149
809 149
598 149
149 279
245 149
54 149
809 196
793 196
67 196
285 196
758 196
91 196
664 196
196 279
986 196
934 196
745 124
101 124
918 124
357 124
113 124
645 124
334 124
869 124
198 124
312 124
766 882
880 882
338 882
15 882
885 882
242 882
27 882
742 882
758 882
433 882
856 147
440 147
682 147
799 147
739 147
422 147
147 617
147 552
984 147
901 147
63 928
725 928
335 928
852 928
586 928
208 928
865 928
176 928
827 928
152 928
118 139
774 139
112 139
139 61
175 139
871 139
343 139
762 139
675 139
165 139
690 85
175 85
108 85
288 85
619 85
568 85
241 85
94 85
760 85
92 85
144 349
636 349
789 349
717 349
425 349
205 349
747 349
473 349
863 349
236 349
332 617
867 617
697 617
617 485
468 617
971 617
26 617
1000 617
714 617
899 617
5 958
364 958
838 958
742 958
29 958
728 958
958 983
538 958
460 958
221 958
993 593
105 593
286 593
986 593
34 593
32 593
408 593
152 593
381 593
310 593
484 258
788 258
625 258
94 258
707 258
587 258
770 258
822 258
570 258
413 258
653 676
820 676
283 676
974 676
675 676
676 430
499 676
655 676
676 28
302 676
918 417
80 417
484 417
287 417
908 417
188 417
723 417
705 417
844 417
829 417
237 746
792 746
387 746
385 746
781 746
95 746
814 746
838 746
876 746
598 746
777 912
894 912
676 912
324 912
267 912
877 912
209 912
235 912
107 912
824 912
612 259
284 259
816 259
962 259
443 259
233 259
712 259
259 351
859 259
943 259
387 289
671 289
526 289
427 289
289 150
519 289
650 289
446 289
674 289
473 289
327 39
928 39
472 39
823 39
493 39
726 39
275 39
164 39
220 39
741 39
260 430
649 430
633 430
177 430
396 430
253 430
962 430
867 430
645 430
411 430
917 61
134 61
222 61
282 61
650 61
189 61
832 61
183 61
266 61
431 61
290 700
252 700
775 700
745 700
195 700
693 700
46 700
481 700
700 28
347 700
529 543
764 543
909 543
11 543
146 543
459 543
604 543
930 543
202 543
298 543
585 884
884 815
102 884
976 884
656 884
224 884
922 884
833 884
918 884
616 884
51 299
337 299
541 299
939 299
488 299
763 299
229 299
126 299
106 299
68 299
726 548
370 548
907 548
616 548
717 548
594 548
711 548
877 548
10 548
703 548
702 498
369 498
506 498
498 552
60 498
151 498
721 498
801 498
385 498
840 498
406 351
444 351
773 351
73 351
285 351
541 351
465 351
298 351
547 351
557 351
603 83
600 83
58 83
196 83
97 83
789 83
129 83
640 83
135 83
83 150
527 445
673 445
722 445
820 445
713 445
421 445
274 445
748 445
225 445
484 445
973 683
530 683
683 181
427 683
976 683
876 683
933 683
87 683
683 552
977 683
82 281
531 281
85 281
707 281
196 281
102 281
919 281
281 490
185 281
588 281
110 491
648 491
127 491
502 491
144 491
326 491
427 491
564 491
644 491
513 491
28 839
594 28
41 28
563 28
830 28
578 28
28 104
556 28
720 28
18 28
560 395
395 490
883 395
449 395
679 395
53 395
395 668
746 395
728 395
78 395
508 839
347 839
202 839
814 839
399 839
749 839
829 839
967 839
7 839
833 839
71 662
288 662
54 662
799 662
606 662
590 662
573 662
381 662
699 662
152 662
822 873
463 873
651 873
71 873
34 873
707 873
239 873
79 873
266 873
453 873
509 226
438 509
887 509
778 509
516 509
158 509
122 509
276 509
107 509
133 509
56 815
823 815
709 815
517 815
842 815
814 815
23 815
450 815
769 815
513 815
543 983
372 983
24 983
428 983
40 983
806 983
634 983
983 485
787 983
293 983
899 279
856 279
689 279
681 279
967 279
278 279
911 279
73 279
887 279
519 279
170 380
274 380
260 380
172 380
409 380
425 380
72 380
375 380
154 380
568 380
939 420
328 420
234 420
183 420
644 420
771 420
770 420
251 420
779 420
59 420
739 150
672 150
33 150
467 150
869 150
970 150
94 150
401 150
894 150
810 150
758 948
12 948
687 948
378 948
481 948
615 948
748 948
291 948
103 948
385 948
537 104
210 104
275 104
719 104
90 104
142 104
529 104
806 104
916 104
972 104
140 19
94 19
479 19
12 19
62 19
521 19
715 19
425 19
994 19
63 19
626 494
378 494
178 494
497 494
915 494
729 494
614 494
651 494
696 494
462 494
938 490
200 490
436 490
947 490
249 490
866 490
431 490
504 490
682 490
282 490
395 88
965 88
327 88
203 88
232 88
81 88
310 88
295 88
383 88
974 88
459 226
468 226
434 226
673 226
807 226
378 226
941 226
207 226
502 226
762 226
848 485
78 485
794 485
709 485
184 485
892 485
142 485
751 485
71 485
364 485
99 181
693 181
80 181
286 181
240 181
350 181
93 181
125 181
72 181
645 181
919 904
195 904
797 904
505 904
725 904
459 904
113 904
496 904
335 904
266 904
298 740
600 740
14 740
371 740
695 740
724 740
3 740
574 740
823 740
908 740
875 31
751 31
397 31
25 31
560 31
541 31
483 31
625 31
273 31
834 31
282 507
889 507
543 507
937 507
231 507
959 507
811 507
744 507
308 507
648 507
89 191
38 191
890 191
901 191
604 191
169 191
835 191
322 191
990 191
340 191
987 297
776 297
147 297
165 297
868 297
852 297
814 297
844 297
730 297
840 297
877 847
392 847
40 847
296 847
87 847
674 847
842 847
936 847
838 847
855 847
238 552
445 552
315 552
768 552
819 552
31 552
336 552
182 552
515 552
262 552
829 734
808 734
31 734
130 734
447 734
616 734
980 734
736 734
17 734
888 734
23 668
42 668
486 668
273 668
702 668
209 668
480 668
592 668
969 668
934 668
