1000 10000
269 502
269 6
269 626
269 143
269 907
269 127
269 471
269 113
269 735
269 756
502 739
502 809
502 678
502 984
502 91
502 608
502 435
502 612
502 67
502 954
739 441
739 92
739 555
739 673
739 394
739 634
739 193
739 861
739 498
739 68
441 274
441 964
441 682
441 954
441 401
441 661
441 706
441 989
441 621
441 64
274 742
274 948
274 893
274 652
274 569
274 880
274 80
274 141
274 385
274 237
742 754
742 682
742 952
742 589
742 938
742 875
742 83
742 832
742 88
742 621
754 942
754 450
754 244
754 215
754 357
754 876
754 777
754 105
754 968
754 926
942 194
942 400
942 432
942 148
942 844
942 680
942 237
942 674
942 113
942 737
194 519
194 112
194 298
194 869
194 949
194 595
194 357
194 793
194 723
194 604
519 90
519 770
519 733
519 598
519 423
519 714
519 348
519 898
519 155
519 33
90 678
90 664
90 803
90 392
90 452
90 512
90 54
90 60
90 973
90 73
678 158
678 698
678 334
678 366
678 646
678 849
678 212
678 532
678 841
678 301
158 157
158 920
158 799
158 927
158 151
158 115
158 449
158 516
158 645
158 117
157 715
157 353
157 596
157 472
157 818
157 114
157 653
157 740
157 694
157 383
715 440
715 63
715 313
715 416
715 13
715 155
715 406
715 238
715 641
715 537
440 699
440 452
440 57
440 303
440 294
440 874
440 517
440 174
440 736
440 143
699 28
699 703
699 398
699 61
699 498
699 661
699 339
699 657
699 19
754 699
28 286
28 858
28 947
28 8
28 315
28 806
28 323
678 28
28 317
28 595
286 903
286 150
286 20
286 83
286 308
286 365
286 453
286 108
286 916
286 794
903 595
903 443
903 1000
903 714
903 549
903 211
903 960
903 955
903 953
903 383
595 550
595 625
595 513
595 692
595 199
595 63
595 298
595 373
595 976
595 75
550 731
550 514
550 854
550 555
550 227
550 314
550 474
550 224
550 367
550 163
731 137
731 736
731 646
731 67
90 731
731 925
731 26
731 241
731 843
731 834
137 57
137 718
137 627
137 65
137 939
137 979
137 264
137 894
137 891
137 123
57 428
57 954
57 530
57 738
57 941
57 422
57 895
57 55
57 424
57 789
428 859
428 997
428 794
428 809
428 734
428 913
428 75
428 77
428 445
428 757
859 848
859 58
859 443
859 292
859 902
859 788
859 524
859 151
859 426
859 802
848 283
848 44
848 887
848 816
848 445
848 433
848 37
848 372
848 752
848 497
283 361
283 730
283 757
283 909
283 139
283 252
283 385
283 617
283 235
283 40
361 7
361 1
361 30
361 16
361 491
361 77
361 501
361 857
361 363
361 17
7 178
7 46
7 264
7 868
7 75
7 366
7 665
7 32
7 631
7 778
178 892
178 593
178 554
178 429
178 727
178 802
178 416
178 131
178 367
178 946
892 487
892 901
892 558
892 240
892 226
892 75
892 108
892 962
892 845
892 225
487 220
487 863
487 909
487 252
487 341
487 888
487 316
487 342
487 177
487 91
220 703
220 764
220 711
220 190
220 982
220 513
220 517
220 909
220 616
220 35
703 357
703 888
703 229
703 791
703 821
703 658
703 106
703 849
703 607
703 951
357 323
357 424
357 184
357 938
357 801
357 129
357 991
357 794
357 866
357 822
323 456
323 928
323 869
323 450
323 329
323 35
323 172
323 436
323 966
323 339
456 151
456 420
456 508
456 305
456 270
456 20
456 313
456 377
456 224
456 70
151 898
151 215
151 630
151 3
151 197
151 701
151 573
151 107
151 671
151 282
898 14
898 883
898 974
898 38
898 537
898 271
898 893
898 102
898 435
898 148
14 232
14 212
14 653
14 252
14 775
14 410
14 830
14 279
14 417
14 80
232 933
232 640
232 375
232 755
232 545
232 581
232 600
232 994
232 787
232 411
933 476
933 546
933 659
933 267
933 605
933 363
933 461
933 74
933 112
933 783
476 853
476 465
476 935
476 259
476 427
476 251
476 442
476 851
476 771
476 382
853 278
853 664
853 218
853 995
853 33
853 951
853 331
853 466
853 229
158 853
278 111
278 958
278 103
278 721
278 100
278 604
278 930
278 88
278 571
278 133
111 591
111 61
111 679
111 802
111 237
111 331
111 795
111 191
111 968
14 111
591 322
591 937
591 860
591 980
591 759
591 154
591 969
591 661
591 113
591 629
322 326
322 198
322 813
322 468
322 171
322 946
322 785
322 268
322 449
322 104
326 253
326 210
326 106
326 71
326 100
326 436
326 855
326 419
326 851
326 17
253 814
253 386
253 87
253 244
253 181
253 350
853 253
253 679
253 389
253 103
814 143
814 992
814 588
814 717
476 814
814 573
814 1000
814 774
814 446
814 58
143 287
143 831
143 517
143 349
595 143
143 462
143 558
143 520
143 37
143 13
287 787
287 248
287 180
287 702
287 637
287 515
287 681
287 968
287 629
287 752
787 762
787 764
787 642
787 498
787 236
787 258
787 781
787 627
787 469
787 260
762 967
762 492
762 452
762 894
762 500
762 393
762 733
762 152
762 889
762 674
967 97
967 192
967 383
283 967
967 261
967 436
967 478
967 650
967 890
967 900
97 60
143 97
97 984
97 685
97 200
97 118
97 952
178 97
97 955
97 840
60 438
60 527
60 630
60 771
814 60
60 839
60 737
60 874
60 659
60 695
438 906
438 609
438 582
438 5
438 551
438 191
438 413
438 328
438 179
438 368
906 579
906 854
906 800
906 304
906 883
906 936
143 906
906 317
906 129
906 564
579 805
579 673
579 292
579 622
579 879
579 661
579 872
579 788
579 39
579 675
805 332
805 959
519 805
805 202
805 1000
220 805
805 315
805 670
805 230
805 693
332 580
332 318
332 846
332 628
332 449
332 602
332 146
332 948
332 530
332 844
580 469
580 509
903 580
580 131
580 279
580 471
580 299
580 992
580 421
580 472
469 219
469 396
469 188
469 444
469 358
469 557
469 905
469 155
469 749
469 348
219 262
219 208
219 645
232 219
219 307
219 126
219 437
219 171
219 238
219 354
262 245
262 102
262 790
262 832
262 199
151 262
262 266
262 429
262 683
262 530
245 101
245 936
245 748
245 404
245 344
245 1
245 147
859 245
245 993
245 467
101 856
101 31
101 733
101 984
101 686
101 377
703 101
101 365
101 885
101 40
856 415
856 214
856 444
856 201
856 999
856 310
856 2
550 856
856 823
856 847
415 940
415 273
415 641
415 55
415 120
415 929
415 888
415 777
415 446
415 727
940 499
940 808
942 940
940 163
940 952
940 381
940 830
940 173
859 940
940 650
499 176
499 521
499 915
499 308
499 110
499 402
499 833
499 890
499 512
499 726
176 904
176 471
176 993
176 625
176 213
176 809
176 876
176 386
176 54
176 29
904 434
904 520
904 380
904 819
904 984
904 675
904 968
904 745
904 391
853 904
434 882
434 993
434 659
434 75
903 434
434 430
434 387
434 471
434 382
434 960
882 679
882 533
882 23
882 249
882 836
882 855
882 992
882 313
882 423
882 13
679 346
679 343
679 690
679 758
679 72
731 679
679 509
942 679
679 792
679 154
346 454
346 227
346 709
346 328
346 244
346 136
346 181
814 346
346 894
346 411
454 302
454 66
176 454
454 146
454 979
454 123
454 549
454 535
454 230
454 553
302 885
302 880
302 500
302 900
302 318
302 62
302 608
302 547
428 302
323 302
885 417
885 374
885 509
885 596
550 885
885 126
885 276
885 296
885 997
885 693
417 122
417 144
417 617
417 308
417 517
232 417
417 661
417 49
519 417
417 196
122 494
814 122
122 54
143 122
122 919
122 395
859 122
122 826
122 872
122 190
494 782
494 148
494 484
494 775
494 304
494 65
494 858
494 749
494 677
853 494
782 78
782 381
782 719
782 552
853 782
782 920
782 565
782 481
782 465
782 175
78 870
78 31
78 6
78 24
78 529
78 32
78 513
78 140
262 78
476 78
870 583
870 860
870 960
870 568
870 451
870 404
870 480
870 632
870 694
870 819
583 234
262 583
583 824
583 38
583 61
583 878
583 677
583 761
583 233
583 990
234 1
234 877
870 234
234 627
97 234
234 109
234 483
234 123
234 688
234 390
1 604
1 288
1 582
1 927
1 759
1 148
1 356
1 548
1 531
882 1
604 321
604 928
604 644
604 319
604 568
604 987
604 508
604 526
604 424
604 844
321 384
321 246
321 48
321 577
321 467
321 51
90 321
321 927
321 535
158 321
384 601
384 389
384 370
384 343
384 106
176 384
384 412
384 215
384 150
384 893
601 685
441 601
601 19
601 236
601 504
601 335
601 984
601 828
601 872
601 386
685 472
685 223
685 944
685 212
685 522
685 335
685 114
870 685
685 328
685 351
472 899
472 650
472 444
220 472
472 43
472 968
472 153
472 171
472 808
472 774
899 916
899 813
899 663
899 999
269 899
899 382
899 879
899 379
899 69
899 225
916 596
916 770
916 200
916 998
916 582
916 173
916 979
916 546
916 736
916 944
596 243
596 610
596 710
596 5
596 393
596 43
596 430
596 608
415 596
596 637
243 281
323 243
243 189
243 522
243 535
243 347
243 263
243 795
601 243
243 306
281 199
281 134
281 566
281 364
281 745
281 306
281 266
281 931
281 170
323 281
199 461
199 205
199 356
199 528
199 858
199 409
199 83
199 971
199 138
199 185
461 172
461 826
461 264
461 648
461 293
904 461
461 96
461 993
461 995
461 972
172 163
172 877
172 725
172 557
172 645
172 748
172 367
172 640
904 172
172 965
163 537
163 709
163 971
856 163
163 807
163 188
163 695
163 445
163 141
163 402
537 197
537 22
537 994
537 946
537 212
537 513
537 768
537 574
537 170
537 306
197 299
197 213
197 5
197 618
197 42
197 409
197 559
262 197
197 483
197 63
299 203
299 623
299 304
299 516
299 433
299 826
299 708
299 460
299 256
299 944
203 504
203 722
203 552
203 556
203 236
203 96
203 412
203 467
203 803
203 9
504 701
504 791
504 433
504 554
504 862
504 509
504 266
504 704
504 729
504 256
701 248
701 437
701 398
701 897
701 560
701 697
701 121
469 701
701 561
701 182
248 148
384 248
882 248
248 808
248 72
248 894
248 584
248 958
248 888
440 248
148 772
148 162
148 259
148 135
148 517
703 148
148 334
172 148
148 869
148 251
772 430
122 772
772 709
814 772
772 246
772 888
772 69
772 334
772 737
772 572
430 627
430 826
430 171
430 427
430 629
430 225
430 368
430 442
430 597
430 908
627 22
627 887
627 603
627 839
248 627
417 627
627 250
627 342
322 627
627 743
22 599
22 261
22 225
22 811
22 538
22 318
22 820
22 866
22 969
22 926
599 401
599 705
599 371
599 976
599 865
599 325
599 61
892 599
14 599
599 796
401 633
401 188
401 676
401 358
401 239
401 963
401 719
401 431
401 556
401 259
633 961
232 633
633 943
633 214
137 633
633 631
633 37
633 880
633 917
633 52
961 354
961 21
961 292
961 763
961 237
961 920
961 15
961 879
961 65
961 849
354 569
354 598
354 18
354 218
354 471
354 247
354 707
354 692
354 582
354 217
569 104
569 924
569 85
322 569
569 614
569 230
569 452
903 569
569 517
569 745
104 764
104 121
104 709
104 815
78 104
104 228
104 190
104 54
104 801
104 484
764 806
764 168
764 930
764 770
764 448
302 764
892 764
764 516
764 722
764 920
806 98
806 89
806 768
806 985
806 878
806 520
806 556
806 200
806 930
220 806
98 340
98 697
98 88
98 450
569 98
98 81
98 314
98 365
98 246
98 989
340 529
441 340
340 420
340 309
340 12
340 382
340 560
340 227
340 300
340 817
529 159
529 900
529 947
583 529
529 202
529 260
529 491
529 72
529 439
529 812
159 449
159 710
159 514
159 667
159 153
159 304
159 753
7 159
159 495
159 600
449 116
449 980
449 798
449 711
449 52
449 849
449 644
122 449
449 59
449 522
116 89
116 855
116 105
116 674
116 758
782 116
116 807
116 973
116 416
116 951
89 970
89 879
89 716
596 89
89 171
685 89
90 89
89 977
89 27
89 724
970 210
970 545
970 774
970 347
970 85
970 936
970 719
970 432
970 475
970 1000
210 272
176 210
210 348
210 520
210 446
210 728
210 17
210 908
210 114
210 931
272 707
272 141
272 256
272 509
272 941
272 72
272 777
856 272
272 827
272 733
707 531
707 217
707 27
707 574
707 602
707 478
707 100
707 329
707 582
764 707
531 868
531 58
531 780
531 221
531 887
531 147
357 531
531 855
531 536
531 450
868 189
868 237
868 515
868 66
868 657
868 878
868 629
868 548
868 267
868 423
189 872
189 398
189 445
189 980
189 32
189 672
189 263
189 775
189 6
189 655
872 862
872 927
940 872
872 244
872 877
872 5
942 872
872 475
872 975
28 872
862 756
862 635
862 105
862 652
862 418
862 733
862 980
862 577
157 862
220 862
756 982
461 756
762 756
756 40
756 588
756 93
756 396
322 756
756 240
220 756
982 355
982 663
982 991
982 514
982 198
982 292
982 423
982 467
982 513
982 632
355 206
355 651
355 620
355 880
579 355
355 378
355 828
355 19
355 279
355 276
206 509
206 714
206 227
206 655
206 738
206 463
206 13
206 200
206 524
206 801
509 876
449 509
509 507
509 554
509 729
509 666
509 306
509 336
509 541
509 896
876 123
876 501
876 470
876 500
876 746
876 834
876 201
876 255
876 807
876 459
123 8
123 725
123 312
123 230
123 242
123 722
219 123
123 769
123 810
123 626
8 740
8 309
8 758
8 991
415 8
8 559
8 585
8 865
8 953
8 266
740 645
740 625
740 285
740 238
740 182
740 351
740 656
740 85
740 965
740 171
645 681
645 950
645 565
645 414
645 999
645 928
645 4
645 771
645 200
645 55
681 653
681 160
681 948
681 929
898 681
681 877
681 471
681 986
283 681
681 498
653 470
653 51
653 674
685 653
653 676
653 431
653 763
653 70
653 682
653 511
470 598
470 484
197 470
470 636
470 718
470 134
470 807
470 186
470 804
470 5
598 442
967 598
598 830
699 598
598 184
598 328
598 777
598 514
598 58
598 42
442 776
442 607
442 968
442 728
442 775
442 489
442 828
442 391
442 36
442 136
776 786
776 149
776 129
776 38
248 776
776 835
776 675
653 776
776 318
776 70
786 879
786 833
786 827
332 786
786 611
786 393
442 786
786 763
786 341
786 451
879 144
879 695
879 721
879 712
879 69
879 393
879 937
885 879
782 879
879 27
144 783
144 993
144 986
144 959
144 409
144 572
7 144
144 435
144 114
144 246
783 39
783 590
783 966
783 644
783 672
783 593
783 55
783 359
783 77
783 963
39 602
39 264
39 114
39 951
39 925
39 177
487 39
39 254
39 50
39 592
602 691
602 35
602 318
602 846
602 477
172 602
602 869
602 180
602 560
499 602
691 928
691 789
691 563
691 259
691 160
691 649
101 691
691 139
691 58
691 771
928 121
928 394
928 67
870 928
928 817
928 607
928 381
928 620
928 405
928 643
121 526
121 347
121 188
121 156
121 770
121 573
537 121
509 121
121 202
121 758
526 651
526 881
526 693
526 462
526 378
22 526
526 166
526 344
526 133
526 181
651 312
651 643
651 625
651 445
651 132
234 651
651 816
651 371
354 651
651 717
312 455
487 312
312 173
312 49
312 513
537 312
312 815
312 330
312 771
312 812
455 744
455 545
653 455
455 180
455 44
455 25
455 181
455 897
455 192
455 309
744 558
744 341
870 744
744 95
744 971
744 273
744 96
744 670
744 389
916 744
558 833
558 503
558 995
558 605
558 70
558 429
558 427
558 719
558 2
558 229
833 252
903 833
833 968
833 335
872 833
454 833
833 142
833 166
833 562
833 136
252 386
252 185
783 252
252 20
326 252
252 231
355 252
252 342
252 186
252 32
386 911
386 672
386 297
386 937
386 291
386 834
806 386
386 631
715 386
386 399
911 250
911 496
911 915
911 385
558 911
911 259
911 867
595 911
911 815
911 133
250 907
250 207
250 23
783 250
250 770
250 668
250 666
580 250
250 161
250 981
907 35
907 411
28 907
907 863
907 62
907 466
907 752
415 907
907 431
907 618
35 329
455 35
35 2
35 33
35 479
35 543
35 828
35 105
35 126
35 429
329 349
329 5
329 803
329 284
329 507
329 732
329 722
329 58
329 810
329 988
349 175
349 70
349 746
349 530
349 493
349 774
312 349
349 466
349 61
349 181
175 4
175 146
210 175
175 297
175 611
175 451
175 688
558 175
175 453
175 919
4 226
4 732
4 31
440 4
4 652
4 817
8 4
916 4
4 395
4 512
226 147
226 614
226 891
226 568
226 750
226 743
226 820
226 257
226 992
226 119
147 64
147 536
147 471
147 246
147 422
147 483
323 147
147 968
147 594
243 147
64 45
64 447
64 563
64 826
178 64
64 25
64 877
286 64
848 64
64 846
45 190
45 420
45 51
45 724
45 372
121 45
45 647
45 34
90 45
45 497
190 378
190 217
148 190
190 165
190 721
190 949
190 719
190 136
190 765
346 190
378 743
378 567
378 141
378 554
378 656
378 981
806 378
378 975
378 208
378 282
743 173
7 743
743 427
250 743
743 628
743 578
743 466
743 381
743 949
743 590
173 265
321 173
173 841
173 464
278 173
173 914
173 542
173 124
173 975
173 51
265 296
265 132
265 785
265 636
269 265
265 732
159 265
265 937
265 817
265 508
296 827
296 720
296 891
190 296
355 296
296 540
296 668
296 309
583 296
296 202
827 656
827 797
827 975
827 503
827 997
882 827
349 827
827 646
627 827
827 590
656 819
346 656
656 719
656 484
569 656
656 132
656 999
28 656
656 425
461 656
819 180
819 592
819 796
819 654
819 155
819 335
819 607
819 855
819 571
819 213
180 363
180 207
98 180
180 254
180 488
180 424
180 350
476 180
180 652
180 590
363 213
363 47
363 174
776 363
363 249
363 364
349 363
363 282
363 835
363 208
213 393
213 193
213 15
194 213
213 260
213 605
213 467
213 10
213 83
645 213
393 165
393 572
393 860
393 488
393 931
393 871
903 393
393 962
393 536
393 316
165 736
165 298
165 216
595 165
165 866
165 732
165 284
165 446
165 746
165 908
736 799
899 736
736 723
736 610
736 52
744 736
736 291
736 865
736 126
736 184
799 768
731 799
322 799
449 799
799 315
799 241
98 799
799 650
762 799
799 228
768 114
768 523
199 768
768 708
768 464
768 510
768 619
768 21
768 710
768 367
114 939
114 161
114 632
114 208
114 658
859 114
114 397
596 114
114 482
114 669
939 593
939 315
939 229
939 987
939 724
939 562
939 855
739 939
939 138
939 992
593 698
593 846
593 152
322 593
286 593
593 50
599 593
252 593
593 344
593 700
698 560
698 822
698 650
698 420
872 698
361 698
698 738
698 955
698 103
698 58
560 619
560 722
560 793
526 560
560 308
560 149
560 48
560 282
560 824
560 757
619 464
619 791
619 834
619 215
619 204
619 418
619 435
619 727
619 795
619 527
464 298
464 613
464 644
464 182
698 464
464 905
464 854
464 273
464 156
591 464
298 444
298 730
298 612
298 30
180 298
298 94
298 611
298 177
298 372
298 522
444 410
444 2
444 230
444 63
444 425
444 746
444 555
444 92
444 895
444 829
410 712
410 374
410 182
410 555
410 36
410 459
410 99
410 179
410 134
819 410
712 317
712 977
579 712
870 712
178 712
712 905
712 183
712 398
712 788
712 838
317 963
317 182
317 396
882 317
317 27
317 751
245 317
783 317
317 944
317 437
963 59
963 70
963 840
963 129
278 963
963 407
963 980
963 453
963 77
963 421
59 686
210 59
59 981
764 59
59 573
59 784
59 419
220 59
59 761
59 439
686 292
686 503
686 926
686 468
686 418
653 686
686 273
686 201
686 825
686 198
292 793
292 973
595 292
292 479
346 292
292 812
292 223
558 292
292 997
292 327
793 347
793 164
189 793
415 793
7 793
793 514
793 24
793 629
793 480
793 638
347 85
633 347
347 702
347 24
347 390
712 347
347 563
347 823
347 54
347 82
85 568
85 575
85 607
85 362
85 654
85 938
85 832
428 85
85 301
736 85
568 851
568 948
568 125
568 51
568 518
568 485
568 58
568 932
568 830
568 84
851 411
742 851
851 959
851 84
355 851
851 229
851 409
851 54
851 881
679 851
411 538
411 836
411 800
411 268
411 937
827 411
982 411
744 411
411 773
911 411
538 496
928 538
538 655
538 433
538 169
538 342
538 917
538 688
538 592
538 356
496 360
496 448
496 126
496 546
496 842
496 824
529 496
496 733
496 948
496 718
360 480
360 931
180 360
360 628
360 118
64 360
360 900
499 360
360 594
360 683
480 435
580 480
480 549
480 23
480 305
799 480
85 480
378 480
480 555
480 986
435 834
435 473
143 435
435 171
435 450
435 256
435 758
435 334
435 747
435 795
834 869
834 389
834 47
834 446
834 488
834 725
834 96
834 824
834 661
834 993
869 603
869 522
598 869
869 126
869 120
869 54
869 716
869 682
869 37
869 865
603 957
603 757
603 433
701 603
603 394
603 708
326 603
603 324
558 603
603 362
957 865
321 957
957 999
957 23
957 96
957 611
598 957
957 936
957 192
957 289
865 304
865 559
865 153
865 188
865 324
415 865
865 218
401 865
865 12
865 339
304 474
304 556
872 304
415 304
304 670
304 221
304 646
868 304
304 181
304 67
474 140
474 79
474 192
474 992
219 474
474 929
78 474
474 683
474 693
474 377
140 688
140 29
862 140
140 547
140 240
140 661
140 999
140 328
140 18
140 110
688 450
688 947
688 733
688 23
519 688
526 688
688 201
688 462
393 688
688 406
450 642
450 675
450 489
298 450
450 491
176 450
450 539
782 450
450 614
450 273
642 832
299 642
262 642
642 835
642 521
642 26
642 637
642 214
786 642
642 108
832 171
832 680
410 832
832 640
253 832
832 279
832 75
832 289
832 68
832 581
171 492
171 103
171 177
171 674
171 994
171 766
171 874
171 655
701 171
171 639
492 803
272 492
1 492
492 75
492 380
492 195
492 66
349 492
492 677
492 207
803 994
803 507
803 282
803 334
803 630
803 999
803 948
803 27
529 803
803 652
994 873
994 594
994 578
994 637
144 994
994 174
994 758
994 996
994 53
994 276
873 516
701 873
873 399
873 373
656 873
873 227
868 873
873 107
916 873
873 582
516 337
516 267
516 91
516 432
499 516
104 516
516 553
516 160
516 964
516 977
337 746
337 212
337 254
337 511
337 752
772 337
337 167
337 208
178 337
337 69
746 997
746 408
746 590
746 528
746 191
746 662
746 536
746 205
304 746
746 567
997 86
997 255
997 437
997 84
997 133
997 704
997 611
997 498
997 664
163 997
86 495
86 564
86 760
86 791
86 20
86 44
793 86
86 373
199 86
86 381
495 177
495 918
495 857
495 501
495 732
529 495
495 307
495 693
495 640
495 52
177 838
679 177
177 184
177 615
653 177
177 421
177 880
177 483
177 367
177 295
838 577
838 273
838 267
838 134
838 618
234 838
838 628
838 289
838 475
298 838
577 388
322 577
899 577
577 368
577 628
577 372
577 443
577 880
577 682
577 641
388 424
388 257
593 388
388 352
388 988
388 235
388 179
388 523
388 878
388 368
424 184
424 996
424 719
424 644
424 479
424 84
424 73
424 525
853 424
122 424
184 74
184 611
184 831
184 720
184 680
184 677
184 809
184 133
519 184
184 479
74 790
74 628
384 74
74 971
163 74
579 74
74 168
74 733
474 74
220 74
790 71
645 790
790 860
790 836
790 289
790 995
137 790
790 513
838 790
424 790
71 947
71 808
78 71
71 380
71 696
71 925
71 722
71 221
464 71
71 154
947 453
947 556
947 295
947 594
653 947
947 844
947 334
947 752
947 308
947 109
453 364
453 788
85 453
453 841
453 257
144 453
453 779
453 192
453 432
453 937
364 156
364 551
364 692
982 364
469 364
364 41
292 364
364 167
364 578
364 174
156 745
156 448
156 785
156 17
156 26
538 156
156 375
156 852
156 760
140 156
745 923
745 708
321 745
745 223
745 735
474 745
558 745
745 195
745 797
455 745
923 201
923 564
923 488
699 923
923 657
923 917
454 923
712 923
923 871
172 923
201 953
201 758
201 705
201 2
201 514
201 258
201 829
201 240
201 40
201 979
953 521
953 713
953 769
953 915
7 953
953 539
953 902
953 62
953 684
953 380
521 734
521 490
521 830
521 999
699 521
521 914
521 106
521 485
424 521
521 216
734 181
283 734
734 973
734 512
734 877
734 514
734 541
734 792
734 280
734 866
181 726
417 181
739 181
181 809
181 585
181 815
181 490
181 40
181 757
819 181
726 468
726 26
726 574
726 544
726 235
165 726
726 490
726 909
90 726
745 726
468 497
468 382
903 468
468 693
468 520
468 802
468 9
143 468
468 816
184 468
497 371
497 362
497 958
144 497
497 330
497 164
497 166
497 590
497 500
441 497
371 588
371 693
468 371
371 948
371 11
371 425
371 753
371 267
371 505
371 351
588 866
588 115
588 43
588 845
588 921
588 640
588 977
588 92
588 432
970 588
866 493
866 205
866 320
355 866
866 524
866 828
866 501
210 866
866 335
866 3
493 549
493 230
862 493
206 493
493 182
493 58
493 479
104 493
493 582
963 493
549 195
549 839
60 549
438 549
549 874
253 549
549 749
549 300
549 695
516 549
195 841
262 195
195 775
195 535
195 510
195 84
195 663
923 195
195 358
195 785
841 342
841 802
841 634
841 448
841 949
841 984
957 841
841 62
841 136
841 390
342 566
342 63
342 902
342 561
342 485
342 811
342 757
342 338
172 342
342 779
566 637
566 926
357 566
566 532
566 578
566 510
566 169
814 566
566 720
566 636
637 236
430 637
746 637
495 637
637 288
637 611
637 368
637 183
637 987
637 512
236 553
236 445
236 34
236 254
236 82
236 145
236 910
236 161
236 655
236 18
553 668
245 553
553 187
553 316
553 169
184 553
553 980
553 313
553 120
553 650
668 443
668 708
601 668
668 500
668 605
668 112
668 643
668 149
953 668
668 571
443 557
805 443
907 443
443 506
443 395
443 75
60 443
443 615
430 443
443 343
557 696
557 515
557 570
557 204
994 557
557 622
101 557
557 420
557 399
557 188
696 863
696 810
833 696
696 215
696 610
933 696
696 161
696 192
696 960
696 874
863 263
863 6
863 174
148 863
863 128
863 951
863 62
863 118
863 842
863 659
263 146
263 528
263 282
263 162
916 263
263 255
263 457
263 632
994 263
194 263
146 463
146 271
146 650
146 910
146 362
146 129
146 952
146 755
146 310
146 671
463 29
463 106
463 784
463 503
463 650
463 909
681 463
195 463
463 387
340 463
29 562
355 29
29 95
29 722
29 3
29 397
805 29
29 377
29 926
29 423
562 20
602 562
942 562
562 770
562 563
199 562
562 980
562 617
933 562
562 507
20 635
20 948
329 20
20 755
756 20
588 20
20 794
20 141
20 524
20 984
635 896
841 635
121 635
635 641
213 635
494 635
635 582
635 377
833 635
635 374
896 567
896 835
896 276
896 518
896 222
566 896
896 49
681 896
896 941
438 896
567 857
567 488
449 567
567 462
1 567
599 567
567 671
567 198
148 567
567 878
857 952
857 609
857 625
857 462
857 81
562 857
857 821
857 692
856 857
857 275
952 661
952 839
952 729
952 209
952 160
656 952
952 532
952 327
952 760
384 952
661 829
661 581
661 643
598 661
323 661
147 661
661 926
661 978
661 714
661 373
829 506
829 138
715 829
829 240
829 183
790 829
14 829
829 801
829 51
933 829
506 763
506 150
506 788
783 506
506 336
506 80
506 752
506 820
506 82
470 506
763 983
763 17
763 658
681 763
763 188
763 246
763 130
763 614
896 763
763 68
983 215
983 187
140 983
983 473
983 930
529 983
983 512
712 983
201 983
983 99
215 406
215 935
746 215
215 44
215 67
215 812
743 215
274 215
601 215
679 215
406 810
406 556
406 282
406 607
406 510
417 406
782 406
487 406
406 659
406 6
810 844
64 810
14 810
287 810
499 810
859 810
245 810
810 980
810 640
810 920
844 515
844 293
844 400
844 927
844 375
844 941
450 844
844 448
567 844
844 370
515 728
114 515
515 491
175 515
553 515
515 897
213 515
515 223
515 80
361 515
728 573
45 728
728 72
728 370
848 728
728 821
803 728
806 728
728 675
728 481
573 615
885 573
573 325
573 718
573 609
573 965
739 573
573 76
283 573
114 573
615 693
866 615
184 615
615 315
656 615
615 781
615 613
615 187
615 372
615 54
693 174
693 929
916 693
693 169
693 773
693 733
693 301
693 261
693 649
870 693
174 576
174 639
174 738
411 174
342 174
174 809
174 235
174 429
174 673
174 605
576 809
642 576
576 34
576 125
576 631
576 433
576 479
576 908
576 887
576 271
809 385
602 809
495 809
809 268
292 809
809 773
809 482
809 390
434 809
809 900
385 751
385 908
385 129
385 327
385 815
385 849
428 385
385 254
329 385
385 794
751 710
873 751
751 781
751 704
751 432
441 751
751 922
879 751
751 749
907 751
710 913
865 710
710 617
970 710
710 941
326 710
710 673
892 710
710 858
710 369
913 735
627 913
913 79
913 244
226 913
913 139
913 860
913 419
913 319
531 913
735 135
735 21
735 883
588 735
735 503
735 854
735 125
735 436
35 735
735 99
135 270
135 938
135 524
703 135
45 135
469 135
596 135
135 777
698 135
135 25
270 556
270 48
270 592
270 106
270 208
270 44
45 270
270 932
270 817
751 270
556 124
556 6
8 556
751 556
556 968
556 638
556 290
556 109
556 432
556 998
124 998
39 124
124 204
529 124
165 124
124 753
124 377
124 246
124 575
746 124
998 513
998 559
998 387
568 998
703 998
998 630
998 19
998 511
953 998
29 998
513 82
513 112
513 893
513 216
513 225
513 648
415 513
513 700
933 513
513 254
82 334
82 664
82 366
82 313
82 631
82 325
566 82
82 451
82 877
859 82
334 138
334 542
415 334
603 334
269 334
334 162
627 334
334 624
334 40
334 971
138 70
346 138
138 344
138 831
138 106
138 808
138 50
138 17
138 718
896 138
70 48
70 692
70 17
604 70
829 70
70 217
326 70
70 254
731 70
70 408
48 663
48 52
48 72
48 352
48 867
48 447
48 369
48 878
48 551
48 310
663 47
663 564
663 490
663 34
321 663
663 524
663 460
663 129
663 964
663 956
47 659
47 392
454 47
317 47
189 47
47 420
47 498
47 46
47 592
47 314
659 808
841 659
519 659
659 714
659 789
659 445
504 659
157 659
793 659
659 132
808 402
177 808
808 548
808 582
226 808
808 458
808 718
808 72
808 955
808 131
402 280
402 812
402 473
402 32
402 930
656 402
402 333
402 293
402 986
357 402
280 784
280 259
280 821
280 840
280 690
378 280
280 798
280 774
280 239
280 753
784 988
388 784
784 328
703 784
784 63
784 647
495 784
786 784
283 784
784 11
988 559
172 988
988 99
988 130
988 17
215 988
573 988
988 854
509 988
988 702
559 264
559 427
703 559
559 825
263 559
559 132
559 106
559 956
559 191
559 890
264 682
264 239
264 614
264 905
264 426
264 652
577 264
326 264
264 855
264 713
682 319
682 995
236 682
682 945
682 129
682 840
682 592
682 769
144 682
686 682
319 945
319 150
319 119
319 34
856 319
319 465
143 319
319 660
278 319
312 319
945 835
945 160
945 149
519 945
560 945
988 945
526 945
583 945
945 581
945 202
835 507
835 183
835 801
454 835
835 554
835 295
835 421
596 835
835 62
215 835
507 578
177 507
507 774
507 748
507 650
507 962
507 105
507 483
304 507
507 471
578 737
578 413
578 949
578 366
578 505
896 578
601 578
190 578
963 578
578 290
737 224
737 914
737 777
190 737
737 462
737 775
174 737
737 860
243 737
737 670
224 706
691 224
224 448
865 224
224 76
224 644
165 224
224 843
224 221
180 224
706 839
322 706
706 379
706 300
706 483
706 247
177 706
602 706
706 51
706 9
839 721
839 362
839 261
839 485
763 839
839 58
839 777
839 106
839 665
839 995
721 912
721 240
721 208
957 721
721 488
157 721
721 295
194 721
907 721
516 721
912 489
912 949
550 912
302 912
588 912
912 680
506 912
912 508
912 237
945 912
489 191
346 489
489 713
489 792
489 81
550 489
726 489
64 489
441 489
489 41
191 416
191 563
191 258
191 941
862 191
742 191
191 83
7 191
191 843
191 720
416 136
146 416
710 416
416 471
416 208
416 338
416 935
416 650
474 416
416 910
136 471
136 702
136 331
856 136
566 136
319 136
136 91
967 136
579 136
136 589
471 845
471 294
471 606
494 471
181 471
471 750
471 102
844 471
471 209
471 475
845 909
845 102
845 723
845 108
355 845
845 639
845 624
360 845
845 100
384 845
909 565
909 50
180 909
909 886
529 909
909 680
909 741
909 794
909 934
909 585
565 379
892 565
565 811
898 565
565 618
653 565
565 161
565 421
176 565
364 565
379 108
278 379
379 564
263 379
379 462
379 368
20 379
379 647
379 966
379 110
108 555
108 683
454 108
108 881
745 108
857 108
578 108
108 288
108 968
913 108
555 129
178 555
555 10
740 555
555 886
873 555
555 433
744 555
799 555
555 711
129 91
129 878
129 331
129 632
129 285
129 891
129 551
688 129
129 218
129 807
91 738
91 427
91 330
91 67
91 196
91 207
91 289
515 91
91 370
91 858
738 275
738 532
738 987
123 738
738 276
738 794
738 69
280 738
738 574
738 617
275 395
206 275
856 275
712 275
275 73
275 581
275 26
275 878
275 87
275 258
395 92
395 183
395 21
395 483
395 26
395 451
862 395
395 9
806 395
933 395
92 570
92 491
417 92
879 92
92 791
92 571
868 92
92 109
92 781
898 92
570 187
570 611
570 338
22 570
570 687
570 881
756 570
754 570
570 19
283 570
187 230
187 729
355 187
848 187
187 918
187 927
187 649
187 352
819 187
442 187
230 766
230 530
230 563
230 925
557 230
743 230
230 796
230 646
230 389
416 230
766 30
856 766
892 766
250 766
191 766
957 766
766 874
766 369
766 771
766 518
30 812
30 508
30 927
30 491
30 348
30 327
30 855
278 30
30 648
30 34
812 978
812 477
805 812
302 812
812 613
136 812
746 812
219 812
812 541
812 543
978 999
978 324
20 978
978 752
573 978
440 978
978 981
978 969
978 852
978 500
999 21
999 767
323 999
48 999
999 228
999 665
999 641
143 999
565 999
4 999
21 150
21 152
829 21
442 21
744 21
21 527
21 437
21 478
21 955
21 630
150 918
150 826
150 412
406 150
515 150
150 26
793 150
493 150
150 823
150 79
918 905
918 188
918 505
918 993
615 918
918 641
918 620
844 918
918 409
918 938
905 73
691 905
905 261
745 905
905 711
98 905
844 905
905 369
905 256
905 608
73 571
73 969
73 249
73 306
73 466
73 960
73 338
73 425
73 133
502 73
571 775
571 727
571 646
571 325
653 571
571 900
571 259
721 571
165 571
869 571
775 949
775 830
453 775
775 798
775 467
775 155
775 600
775 613
775 396
108 775
949 864
949 765
633 949
86 949
556 949
434 949
250 949
949 771
949 927
949 921
864 977
864 533
864 76
833 864
864 811
864 409
378 864
864 200
201 864
494 864
977 420
685 977
593 977
977 532
977 131
814 977
977 665
977 901
580 977
977 33
420 600
97 420
864 420
232 420
420 359
420 541
420 426
468 420
593 420
420 649
600 356
600 545
600 205
600 113
556 600
122 600
577 600
600 503
600 372
653 600
356 289
679 356
906 356
356 426
356 610
356 820
356 134
529 356
356 376
356 110
289 132
289 643
289 672
289 152
289 532
289 490
803 289
289 995
513 289
289 587
132 705
933 132
132 760
872 132
132 652
472 132
604 132
132 16
132 225
435 132
705 431
705 398
663 705
174 705
604 705
705 817
869 705
705 901
705 536
705 276
431 325
175 431
431 477
245 431
885 431
431 310
431 895
431 962
701 431
101 431
325 936
776 325
912 325
325 629
325 900
206 325
325 837
325 95
325 36
455 325
936 932
903 936
92 936
691 936
936 948
312 936
936 563
936 955
234 936
401 936
932 785
932 965
932 458
602 932
388 932
932 41
977 932
531 932
516 932
932 817
785 344
785 204
785 765
785 223
785 42
885 785
97 785
856 785
785 612
785 709
344 541
344 769
173 344
344 372
344 196
827 344
848 344
502 344
344 38
869 344
541 5
541 640
541 481
384 541
832 541
175 541
977 541
541 336
541 251
541 546
5 381
5 694
302 5
5 638
175 5
5 404
5 152
5 610
263 5
5 709
381 971
381 240
619 381
385 381
557 381
381 81
381 861
963 381
381 25
381 462
971 23
971 51
971 293
971 414
971 439
971 2
971 695
78 971
194 971
971 729
23 639
23 674
23 702
23 618
23 984
289 23
853 23
441 23
23 58
787 23
639 886
639 973
111 639
639 376
639 46
639 482
463 639
839 639
639 995
639 315
886 405
886 467
886 88
507 886
886 574
886 767
252 886
886 110
411 886
289 886
405 722
405 773
405 27
405 683
405 223
856 405
405 919
173 405
851 405
243 405
722 964
722 968
340 722
355 722
722 723
602 722
275 722
722 586
361 722
722 975
964 954
45 964
964 348
964 182
964 80
173 964
964 279
964 846
964 586
964 613
954 370
954 382
954 247
954 46
954 991
143 954
954 152
954 218
954 987
954 697
370 915
370 717
370 336
370 316
370 331
370 79
370 11
768 370
370 240
370 670
915 217
471 915
104 915
470 915
440 915
915 652
915 139
915 183
504 915
763 915
217 989
217 383
762 217
217 208
217 771
808 217
217 160
199 217
506 217
217 680
989 770
989 720
989 460
355 989
340 989
989 828
989 77
989 757
453 989
568 989
770 683
280 770
770 965
35 770
57 770
541 770
699 770
770 10
770 623
494 770
683 288
683 545
683 561
683 247
683 617
356 683
683 16
578 683
180 683
977 683
288 400
288 309
288 3
556 288
288 421
288 348
288 183
288 96
219 288
410 288
400 836
400 313
400 260
379 400
195 400
400 861
400 822
400 840
400 193
400 423
836 353
836 433
47 836
836 359
686 836
405 836
248 836
836 815
378 836
836 119
353 581
143 353
236 353
977 353
353 854
353 662
353 644
353 621
353 649
947 353
581 335
581 716
581 980
581 142
715 581
363 581
581 900
998 581
581 205
706 581
335 938
335 303
335 37
355 335
30 335
335 446
335 605
335 285
329 335
335 258
938 6
775 938
938 517
243 938
440 938
317 938
189 938
558 938
938 100
938 677
6 908
819 6
471 6
386 6
6 451
6 432
6 523
688 6
181 6
6 414
908 648
908 451
705 908
907 908
565 908
908 634
908 605
908 457
908 96
864 908
648 51
648 40
648 609
648 447
648 276
648 658
648 781
64 648
648 244
507 648
51 765
51 229
51 254
51 547
317 51
340 51
909 51
440 51
51 41
51 564
765 620
936 765
765 950
765 854
506 765
859 765
329 765
765 40
765 665
681 765
620 532
620 418
998 620
464 620
620 458
663 620
620 338
865 620
839 620
620 590
532 973
492 532
230 532
532 432
210 532
532 802
532 223
532 676
848 532
576 532
973 62
973 24
615 973
973 271
973 396
973 324
973 677
973 242
973 930
973 548
62 239
923 62
62 392
62 314
497 62
493 62
442 62
62 842
615 62
62 759
239 960
495 239
74 239
971 239
239 154
559 239
239 168
577 239
619 239
239 307
960 36
573 960
960 634
960 324
960 694
960 753
20 960
882 960
960 611
960 153
36 185
36 100
36 914
36 447
997 36
36 636
36 729
908 36
627 36
957 36
185 351
123 185
185 192
185 811
289 185
21 185
185 153
185 788
185 533
121 185
351 777
351 16
839 351
440 351
351 462
351 407
351 995
918 351
286 351
226 351
777 43
777 884
615 777
777 919
393 777
905 777
395 777
777 418
777 66
783 777
43 586
402 43
633 43
43 209
43 44
43 943
43 303
43 316
799 43
43 390
586 800
292 586
586 902
586 792
586 512
7 586
586 666
586 139
123 586
147 586
800 462
504 800
199 800
800 877
800 15
800 561
885 800
116 800
800 212
298 800
462 225
462 229
322 462
462 733
462 93
462 974
462 618
265 462
679 462
349 462
225 154
225 528
225 267
754 225
225 824
942 225
225 445
836 225
947 225
225 937
154 733
154 369
659 154
185 154
768 154
60 154
154 380
154 690
78 154
154 311
733 760
353 733
521 733
733 826
194 733
733 795
954 733
733 422
733 979
129 733
760 247
760 399
760 709
45 760
760 719
760 19
116 760
85 760
760 503
760 451
247 268
247 17
499 247
869 247
247 52
247 877
513 247
286 247
734 247
247 778
268 680
268 359
268 755
793 268
648 268
268 75
268 77
268 546
268 88
808 268
680 996
680 729
898 680
5 680
680 501
146 680
680 795
680 3
172 680
680 160
996 19
996 391
996 984
401 996
996 926
996 63
30 996
999 996
217 996
996 927
19 153
19 955
19 308
19 160
416 19
91 19
857 19
19 167
19 32
342 19
153 412
153 448
220 153
153 63
45 153
180 153
639 153
441 153
163 153
153 747
412 897
412 345
864 412
812 412
412 987
412 398
731 412
220 412
412 169
412 741
897 883
978 897
897 554
513 897
897 339
681 897
897 530
897 631
201 897
897 926
883 665
883 528
883 614
883 948
883 666
883 429
883 257
883 372
883 927
4 883
665 850
487 665
653 665
665 797
178 665
665 352
897 665
665 479
989 665
957 665
850 266
850 861
850 574
850 608
879 850
296 850
850 880
21 850
556 850
806 850
266 752
266 527
266 514
185 266
963 266
266 42
648 266
441 266
187 266
64 266
752 377
252 752
752 843
62 752
89 752
698 752
688 752
752 46
157 752
961 752
377 671
377 391
377 781
349 377
377 747
132 377
870 377
377 25
395 377
764 377
671 546
415 671
665 671
671 995
671 719
682 671
91 671
550 671
671 99
712 671
546 244
347 546
556 546
546 314
476 546
546 520
905 546
639 546
342 546
489 546
244 789
519 244
537 244
642 244
971 244
715 244
244 837
469 244
244 17
244 631
789 761
357 789
78 789
789 587
627 789
789 968
739 789
379 789
789 481
789 950
761 817
761 854
239 761
761 536
761 115
761 422
761 501
496 761
379 761
761 3
817 259
817 439
817 391
817 720
817 514
568 817
817 76
680 817
817 125
764 817
259 42
885 259
259 881
259 937
259 985
259 83
469 259
967 259
918 259
400 259
42 118
42 397
42 528
264 42
913 42
42 366
321 42
42 37
42 24
156 42
118 984
118 498
806 118
848 118
726 118
882 118
515 118
468 118
438 118
248 118
984 624
782 984
236 984
963 984
984 307
506 984
984 858
984 590
715 984
526 984
624 511
400 624
6 624
624 488
624 974
624 65
624 500
147 624
624 536
624 925
511 183
515 511
715 511
511 407
511 451
869 511
356 511
511 520
138 511
511 514
183 242
187 183
183 205
86 183
317 183
62 183
185 183
183 477
183 95
122 183
242 256
242 110
645 242
853 242
242 572
47 242
242 815
242 457
942 242
242 408
256 991
256 547
256 773
256 398
256 214
434 256
915 256
181 256
256 320
737 256
991 439
286 991
230 991
691 991
991 956
991 975
443 991
705 991
991 654
991 811
439 297
439 771
439 540
439 528
286 439
819 439
401 439
270 439
206 439
439 985
297 943
857 297
297 343
29 297
325 297
98 297
157 297
64 297
297 950
297 399
943 575
471 943
940 943
943 447
943 524
243 943
943 561
688 943
943 798
943 660
575 584
575 373
280 575
814 575
302 575
388 575
29 575
575 372
575 523
575 44
584 318
584 987
584 251
839 584
584 341
984 584
243 584
584 730
272 584
584 460
318 142
318 687
318 380
960 318
318 674
318 15
318 969
171 318
964 318
325 318
142 614
142 37
970 142
596 142
593 142
142 33
142 223
118 142
215 142
142 607
614 96
614 258
940 614
262 614
614 490
614 41
614 935
173 614
579 614
942 614
96 652
96 418
463 96
96 597
96 427
406 96
96 380
496 96
96 500
928 96
652 695
652 254
652 769
322 652
652 398
652 279
288 652
546 652
652 423
652 545
695 711
642 695
259 695
417 695
695 72
695 251
360 695
157 695
323 695
695 145
711 448
711 69
705 711
765 711
711 301
364 711
711 227
711 372
123 711
738 711
448 223
678 448
448 781
537 448
62 448
710 448
448 196
448 934
588 448
448 771
223 589
154 223
223 605
223 798
223 72
740 223
223 708
357 223
217 223
223 771
589 544
589 211
841 589
916 589
463 589
98 589
589 466
737 589
591 589
862 589
544 141
96 544
544 76
487 544
337 544
745 544
172 544
544 610
782 544
189 544
141 875
141 522
141 271
695 141
141 592
141 452
578 141
141 670
960 141
197 141
875 284
688 875
875 52
764 875
599 875
875 690
875 202
578 875
762 875
875 301
284 241
284 477
284 279
971 284
476 284
866 284
284 202
284 432
532 284
978 284
241 133
241 115
876 241
241 9
241 927
954 241
241 618
909 241
36 241
241 587
133 774
836 133
984 133
133 486
133 115
133 338
601 133
133 240
133 781
59 133
774 861
774 867
756 774
774 109
774 338
774 689
774 902
774 186
774 730
774 716
861 871
861 276
861 314
861 68
861 422
861 646
280 861
861 956
639 861
443 861
871 25
476 871
871 409
734 871
183 871
871 54
862 871
871 771
896 871
578 871
25 276
326 25
268 25
470 25
25 646
454 25
430 25
556 25
325 25
6 25
276 585
276 729
276 522
883 276
276 647
868 276
276 373
276 179
276 113
573 276
585 969
585 188
585 759
585 822
1 585
14 585
585 75
89 585
585 192
585 451
969 131
969 106
827 969
705 969
940 969
555 969
969 44
969 387
969 130
969 847
131 40
531 131
892 131
138 131
131 373
131 309
323 131
131 895
131 72
131 81
40 44
121 40
405 40
40 717
40 608
40 572
40 313
526 40
738 40
381 40
44 222
44 563
247 44
882 44
44 27
44 628
44 295
334 44
44 488
44 654
222 282
222 408
86 222
222 704
222 52
299 222
435 222
222 950
996 222
222 674
282 294
577 282
282 399
282 613
282 830
282 490
627 282
282 221
141 282
133 282
294 818
294 796
294 221
150 294
294 950
294 625
294 713
294 512
294 985
294 709
818 548
529 818
818 677
663 818
818 484
818 948
818 249
133 818
581 818
270 818
548 459
571 548
945 548
548 552
739 548
548 830
247 548
548 41
298 548
548 910
459 878
560 459
459 166
844 459
191 459
459 771
782 459
459 990
459 979
668 459
878 389
185 878
878 518
878 485
878 473
420 878
878 399
557 878
878 366
878 771
389 387
916 389
189 389
861 389
389 168
389 826
389 65
945 389
389 714
389 216
387 115
387 63
516 387
387 700
286 387
387 750
289 387
648 387
492 387
387 426
115 316
115 196
322 115
115 820
115 788
961 115
232 115
115 741
115 891
115 341
316 641
316 291
668 316
316 221
417 316
326 316
241 316
316 628
316 773
316 563
641 68
645 641
619 641
493 641
841 641
177 641
361 641
195 641
620 641
641 677
68 847
220 68
68 429
810 68
243 68
68 330
68 823
280 68
175 68
371 68
847 708
224 847
847 867
187 847
847 198
847 285
864 847
142 847
847 855
857 847
708 590
708 980
708 134
708 975
637 708
90 708
973 708
708 12
708 500
708 112
590 921
5 590
590 626
590 483
680 590
693 590
241 590
590 852
754 590
70 590
921 61
945 921
921 901
270 921
921 433
862 921
497 921
921 539
406 921
921 676
61 512
317 61
899 61
953 61
61 813
61 623
61 9
61 436
862 61
442 61
512 324
512 396
512 423
512 99
183 512
512 630
512 881
865 512
199 512
814 512
324 858
324 716
324 572
148 324
324 394
904 324
504 324
663 324
324 758
615 324
858 290
858 350
858 373
180 858
810 858
144 858
858 533
858 979
858 522
858 632
290 336
416 290
290 277
619 290
579 290
220 290
7 290
785 290
136 290
633 290
336 889
336 723
288 336
336 660
336 767
336 816
336 597
575 336
336 483
203 336
889 208
302 889
148 889
892 889
691 889
889 922
593 889
810 889
889 807
889 38
208 724
208 542
85 208
263 208
208 27
431 208
208 161
208 66
208 246
735 208
724 716
215 724
724 551
163 724
502 724
898 724
377 724
724 667
724 788
456 724
716 106
243 716
716 452
268 716
716 198
716 975
716 965
735 716
602 716
764 716
106 884
106 631
230 106
286 106
106 874
722 106
711 106
665 106
106 677
287 106
884 350
71 884
942 884
579 884
135 884
884 376
896 884
754 884
884 403
402 884
350 423
350 719
350 161
963 350
275 350
350 358
350 404
633 350
350 608
350 894
423 413
8 423
201 423
423 714
274 423
423 725
423 209
423 837
423 958
553 423
413 407
203 413
863 413
413 295
319 413
413 348
158 413
511 413
413 196
682 413
407 564
407 477
410 407
407 193
598 407
43 407
407 717
853 407
407 690
132 407
564 367
564 631
564 95
564 460
850 564
875 564
190 564
866 564
639 564
564 409
367 700
861 367
913 367
367 717
562 367
957 367
814 367
367 831
367 369
250 367
700 796
700 618
700 887
700 240
700 804
700 3
736 700
121 700
700 258
850 700
796 81
796 403
875 796
708 796
796 843
796 974
97 796
564 796
796 890
8 796
81 13
81 630
361 81
619 81
91 81
559 81
81 327
970 81
185 81
81 781
13 303
13 702
252 13
593 13
744 13
13 697
101 13
13 753
651 13
454 13
303 597
303 139
739 303
329 303
265 303
847 303
303 673
303 718
303 925
303 874
597 902
620 597
71 597
142 597
597 622
156 597
316 597
597 514
148 597
597 985
902 207
902 894
902 887
902 611
902 53
40 902
902 343
434 902
474 902
982 902
207 75
207 987
442 207
989 207
455 207
800 207
967 207
845 207
64 207
367 207
75 694
59 75
75 93
889 75
905 75
75 307
977 75
75 164
75 719
863 75
694 929
694 753
509 694
872 694
694 49
694 755
838 694
694 779
768 694
694 3
929 65
929 478
195 929
739 929
728 929
929 433
241 929
808 929
834 929
876 929
65 792
65 80
299 65
36 65
57 65
597 65
274 65
814 65
601 65
65 780
792 927
792 103
983 792
792 307
792 517
792 473
792 422
792 348
135 792
172 792
927 535
819 927
928 927
548 927
876 927
838 927
184 927
927 990
927 523
865 927
535 373
253 535
535 186
535 16
715 535
614 535
276 535
600 535
836 535
869 535
373 919
373 491
298 373
156 373
373 15
373 849
263 373
938 373
471 373
173 373
919 31
230 919
919 655
775 919
892 919
42 919
954 919
349 919
573 919
13 919
31 382
31 811
22 31
819 31
31 647
423 31
321 31
957 31
832 31
679 31
382 305
382 117
382 646
335 382
762 382
382 874
245 382
382 503
382 723
803 382
305 307
454 305
91 305
305 747
373 305
722 305
111 305
206 305
305 500
118 305
307 891
307 311
387 307
857 307
585 307
307 279
307 527
307 358
803 307
264 307
891 638
742 891
878 891
891 130
891 100
856 891
635 891
836 891
891 128
760 891
638 958
243 638
940 638
715 638
785 638
638 831
191 638
638 17
638 95
638 840
958 419
799 958
958 759
175 958
519 958
958 103
859 958
74 958
386 958
334 958
419 390
588 419
557 419
419 84
637 419
419 200
585 419
419 788
419 196
772 419
390 794
763 390
390 338
390 182
321 390
390 193
73 390
390 103
390 561
648 390
794 630
786 794
737 794
794 233
794 608
794 828
794 610
794 399
819 794
794 539
630 755
519 630
735 630
579 630
336 630
661 630
393 630
630 948
630 646
745 630
755 310
755 625
969 755
755 621
755 825
755 517
624 755
244 755
124 755
755 867
310 771
310 612
405 310
907 310
191 310
310 249
310 102
310 475
270 310
31 310
771 102
771 414
456 771
5 771
771 980
516 771
771 291
771 840
771 986
682 771
102 211
521 102
102 125
102 747
416 102
388 102
351 102
102 27
102 261
102 246
211 380
715 211
43 211
586 211
558 211
224 211
211 975
619 211
803 211
275 211
380 628
380 890
939 380
588 380
380 63
136 380
380 261
707 380
745 380
380 900
628 944
884 628
628 359
438 628
628 854
472 628
810 628
628 149
681 628
628 629
944 483
792 944
909 944
944 221
944 821
944 15
944 881
944 975
163 944
870 944
483 926
175 483
567 483
483 452
511 483
367 483
483 212
461 483
998 483
483 729
926 37
241 926
259 926
926 255
926 66
926 214
926 372
154 926
181 926
963 926
37 255
731 37
37 212
858 37
37 697
710 37
146 37
37 193
37 460
37 606
255 759
803 255
648 255
255 32
255 901
146 255
40 255
620 255
255 166
266 255
759 658
759 113
40 759
759 900
759 83
793 759
495 759
567 759
871 759
759 458
658 94
658 646
658 328
428 658
817 658
658 107
583 658
538 658
658 822
319 658
94 931
548 94
602 94
94 687
599 94
390 94
35 94
86 94
949 94
706 94
931 824
954 931
638 931
274 931
931 188
515 931
931 993
114 931
864 931
455 931
824 608
824 77
220 824
866 824
863 824
878 824
824 854
658 824
824 605
824 813
608 852
608 231
269 608
288 608
22 608
608 551
698 608
608 606
963 608
608 607
852 69
926 852
474 852
852 119
852 530
241 852
232 852
852 16
852 418
658 852
69 421
69 767
264 69
69 966
771 69
69 409
69 188
537 69
69 16
69 84
421 718
715 421
984 421
998 421
421 235
421 675
421 9
158 421
421 38
421 398
718 689
385 718
641 718
509 718
763 718
961 718
736 718
718 941
718 846
593 718
689 76
731 689
689 330
264 689
689 87
689 67
689 888
808 689
689 992
882 689
76 594
42 76
929 76
645 76
568 76
76 15
76 956
653 76
76 404
76 684
594 170
594 674
603 594
526 594
8 594
905 594
286 594
594 107
417 594
329 594
170 279
274 170
921 170
5 170
276 170
494 170
595 170
170 261
170 212
360 170
279 849
279 690
279 528
998 279
653 279
279 205
413 279
743 279
746 279
915 279
849 539
849 293
638 849
471 849
849 687
849 877
401 849
863 849
630 849
177 849
539 842
496 539
7 539
539 375
539 517
230 539
244 539
942 539
307 539
529 539
842 338
842 895
159 842
842 293
875 842
842 10
842 753
842 893
842 632
40 842
338 611
872 338
588 338
338 186
698 338
548 338
354 338
983 338
733 338
47 338
611 359
611 804
958 611
611 713
639 611
459 611
21 611
611 186
564 611
882 611
359 452
800 359
359 972
359 341
13 359
359 308
334 359
359 540
129 359
603 359
452 687
452 725
452 16
111 452
474 452
400 452
452 757
452 260
452 948
691 452
687 986
687 625
891 687
687 467
687 505
687 229
602 687
85 687
687 109
687 893
986 646
879 986
986 888
986 672
986 404
138 986
986 188
986 481
82 986
262 986
646 634
646 365
263 646
312 646
926 646
994 646
646 717
790 646
646 616
646 306
634 433
310 634
902 634
634 54
634 554
634 757
862 634
634 218
413 634
634 621
433 164
991 433
433 498
472 433
239 433
735 433
911 433
433 697
64 433
388 433
164 527
164 88
760 164
421 164
584 164
164 258
898 164
595 164
164 976
870 164
527 547
527 128
869 527
527 922
181 527
527 404
602 527
594 527
876 527
469 527
547 228
547 218
547 723
866 547
547 950
547 749
547 285
8 547
896 547
75 547
228 626
842 228
659 228
228 840
755 228
929 228
228 654
290 228
808 228
86 228
626 975
787 626
848 626
279 626
176 626
43 626
71 626
626 962
493 626
627 626
975 112
975 460
164 975
958 975
975 235
600 975
269 975
975 84
796 975
428 975
112 52
763 112
497 112
112 18
112 369
241 112
878 112
201 112
112 327
112 285
52 313
52 105
734 52
52 425
20 52
52 261
8 52
493 52
515 52
116 52
313 503
313 690
515 313
679 313
313 974
594 313
471 313
313 922
696 313
163 313
503 110
171 503
8 503
503 920
503 951
576 503
344 503
503 607
503 855
550 503
110 212
13 110
938 110
110 670
283 110
566 110
21 110
165 110
646 110
110 749
212 704
918 212
282 212
212 50
212 640
212 193
212 295
212 254
529 212
305 212
704 758
704 339
146 704
704 295
704 204
704 235
970 704
663 704
548 704
704 145
758 757
535 758
716 758
762 758
851 758
758 254
189 758
758 968
913 758
745 758
757 561
688 757
757 533
757 946
573 757
180 757
757 644
757 880
757 352
757 974
561 309
69 561
561 486
211 561
912 561
734 561
561 732
561 993
259 561
561 446
309 632
693 309
31 309
143 309
309 105
309 779
911 309
309 34
580 309
857 309
632 168
632 409
559 632
632 972
632 543
632 481
632 50
628 632
529 632
632 216
168 240
827 168
297 168
382 168
689 168
168 749
998 168
168 925
168 820
168 231
240 551
240 425
556 240
549 240
253 240
22 240
986 240
98 240
240 490
751 240
551 655
551 717
551 409
626 551
926 551
462 551
471 551
236 551
241 551
989 551
655 587
655 186
68 655
655 188
655 130
796 655
506 655
655 257
655 125
655 53
587 328
587 432
770 587
318 587
991 587
207 587
587 769
587 937
620 587
774 587
328 460
328 257
328 956
294 328
25 328
184 328
848 328
594 328
328 951
328 854
460 18
118 460
172 460
460 343
460 333
658 460
460 795
953 460
338 460
460 825
18 315
759 18
718 18
711 18
18 473
476 18
861 18
870 18
18 392
685 18
315 41
589 315
123 315
304 315
259 315
315 99
958 315
315 666
288 315
318 315
41 422
381 41
833 41
59 41
41 358
41 258
41 675
835 41
45 41
41 9
422 798
422 820
422 887
422 72
532 422
678 422
266 422
280 422
907 422
504 422
798 229
699 798
798 295
932 798
242 798
798 995
659 798
819 798
798 126
531 798
229 522
229 616
632 229
229 956
581 229
229 981
413 229
921 229
229 609
229 732
522 125
334 522
245 522
745 522
515 522
165 522
441 522
764 522
428 522
590 522
125 517
125 741
639 125
82 125
125 748
125 404
125 397
125 676
342 125
125 900
517 510
517 139
806 517
48 517
909 517
453 517
602 517
413 517
596 517
892 517
510 478
510 233
115 510
510 251
597 510
704 510
313 510
510 204
178 510
856 510
478 109
555 478
478 610
184 478
693 478
637 478
737 478
548 478
902 478
351 478
109 58
318 109
170 109
109 209
259 109
109 714
603 109
559 109
808 109
109 53
58 152
637 58
140 58
58 811
938 58
58 976
332 58
58 467
810 58
58 980
152 481
870 152
152 821
152 134
152 946
152 807
152 625
624 152
98 152
152 644
481 251
440 481
481 500
220 481
847 481
848 481
292 481
776 481
944 481
561 481
251 139
251 34
251 500
220 251
999 251
251 924
566 251
251 24
304 251
775 251
139 820
139 924
814 139
420 139
232 139
139 616
370 139
137 139
139 802
367 139
820 277
440 820
933 820
332 820
89 820
820 811
820 261
820 233
264 820
562 820
277 811
307 277
277 887
277 345
277 534
174 277
991 277
699 277
277 432
814 277
811 610
269 811
942 811
553 811
765 811
811 193
811 202
4 811
141 811
879 811
610 103
173 610
933 610
994 610
899 610
960 610
515 610
610 692
610 427
264 610
103 2
103 672
22 103
789 103
361 103
777 103
421 103
683 103
151 103
110 103
2 959
90 2
279 2
284 2
336 2
385 2
303 2
2 404
945 2
124 2
959 767
276 959
580 959
506 959
959 636
959 67
562 959
949 959
683 959
262 959
767 795
765 767
266 767
738 767
767 530
589 767
994 767
240 767
767 631
767 605
795 572
417 795
283 795
203 795
869 795
795 426
101 795
20 795
250 795
856 795
572 801
718 572
630 572
572 15
317 572
572 209
848 572
572 629
572 55
626 572
801 657
801 709
110 801
801 458
92 801
316 801
439 801
801 987
876 801
873 801
657 732
657 880
444 657
5 657
1 657
984 657
657 623
386 657
553 657
657 979
732 660
207 732
732 709
732 609
856 732
546 732
732 749
732 162
732 339
519 732
660 684
137 660
660 445
431 660
373 660
553 660
660 467
836 660
292 660
115 660
684 105
684 807
92 684
847 684
41 684
684 709
684 427
156 684
663 684
509 684
105 437
105 542
105 67
859 105
171 105
105 327
402 105
615 105
845 105
288 105
437 941
437 605
743 437
437 404
437 533
943 437
437 968
211 437
322 437
437 113
941 429
132 941
941 723
680 941
73 941
224 941
544 941
335 941
255 941
522 941
429 962
147 429
429 966
943 429
429 930
429 643
429 951
740 429
429 77
370 429
962 63
962 467
263 962
954 962
876 962
875 962
962 214
347 962
90 962
962 87
63 935
36 63
262 63
698 63
875 63
63 662
63 9
245 63
63 574
63 748
935 216
935 636
827 935
121 935
812 935
935 542
75 935
401 935
935 404
497 935
216 488
562 216
567 216
443 216
216 365
726 216
776 216
216 327
570 216
216 477
488 749
488 33
367 488
527 488
756 488
488 246
488 672
597 488
272 488
488 582
749 341
749 968
749 475
450 749
648 749
749 149
153 749
163 749
419 749
776 749
341 592
515 341
341 951
891 341
112 341
341 339
341 837
557 341
341 179
13 341
592 479
648 592
592 436
949 592
983 592
811 592
470 592
592 486
239 592
228 592
479 182
479 697
961 479
479 990
841 479
86 479
608 479
793 479
660 479
479 458
182 662
182 358
960 182
433 182
952 182
642 182
519 182
182 672
875 182
838 182
662 12
919 662
274 662
662 467
522 662
318 662
662 473
662 649
269 662
109 662
12 625
539 12
283 12
20 12
567 12
438 12
947 12
665 12
317 12
12 993
625 38
384 625
234 625
625 398
625 890
645 625
800 625
422 625
373 625
964 625
38 301
504 38
207 38
224 38
38 533
848 38
228 38
38 831
939 38
931 38
301 972
301 113
301 291
106 301
847 301
862 301
835 301
301 914
301 946
287 301
972 666
682 972
429 972
341 972
378 972
604 972
660 972
972 523
182 972
972 408
666 995
377 666
666 500
28 666
275 666
666 403
122 666
492 666
907 666
510 666
995 49
668 995
278 995
995 901
132 995
995 922
627 995
468 995
731 995
995 791
49 617
722 49
410 49
49 466
181 49
49 667
245 49
290 49
344 49
982 49
617 664
617 362
617 396
617 167
400 617
324 617
701 617
328 617
617 649
337 617
664 300
682 664
818 664
803 664
664 32
664 867
664 436
381 664
421 664
685 664
300 271
142 300
300 887
756 300
170 300
187 300
847 300
236 300
300 273
433 300
271 813
699 271
579 271
336 271
271 647
271 802
940 271
302 271
271 729
911 271
813 807
86 813
620 813
591 813
853 813
329 813
870 813
813 536
522 813
632 813
807 692
438 807
23 807
69 807
687 807
807 966
807 670
863 807
807 193
7 807
692 409
692 24
733 692
692 887
775 692
132 692
153 692
290 692
282 692
276 692
409 95
921 409
207 409
683 409
409 500
771 409
409 930
409 901
433 409
409 345
95 295
278 95
845 95
351 95
61 95
571 95
422 95
952 95
95 937
95 508
295 9
256 295
295 669
295 285
137 295
71 295
774 295
565 295
295 331
323 295
9 267
595 9
216 9
716 9
9 34
49 9
479 9
782 9
760 9
45 9
267 227
570 267
738 267
267 867
226 267
906 267
267 397
41 267
61 267
743 267
227 675
423 227
89 227
699 227
783 227
227 950
639 227
689 227
611 227
213 227
675 828
417 675
241 675
259 675
595 675
157 675
675 528
217 675
675 582
938 675
828 616
639 828
828 554
104 828
828 779
828 650
828 965
584 828
351 828
828 46
616 631
616 403
105 616
529 616
616 46
239 616
453 616
616 925
283 616
803 616
631 528
474 631
504 631
595 631
762 631
147 631
194 631
849 631
631 87
433 631
528 339
528 815
86 528
517 528
949 528
522 528
332 528
528 894
528 981
30 528
339 831
339 365
59 339
29 339
241 339
69 339
324 339
294 339
913 339
828 339
831 46
431 831
462 831
19 831
831 260
282 831
154 831
831 552
963 831
402 831
46 950
476 46
384 46
46 895
46 100
703 46
46 50
863 46
212 46
549 46
950 582
586 950
950 937
950 235
176 950
7 950
999 950
950 436
950 458
842 950
582 985
582 676
582 822
582 709
116 582
244 582
442 582
582 980
582 198
190 582
985 365
985 930
23 985
455 985
985 397
985 457
985 980
985 358
245 985
144 985
365 917
580 365
5 365
365 649
463 365
437 365
365 823
349 365
365 352
365 640
917 11
841 917
745 917
917 160
756 917
917 237
240 917
281 917
346 917
589 917
11 327
735 11
69 11
11 894
11 948
177 11
814 11
11 233
11 714
148 11
327 491
344 327
704 327
289 327
327 369
13 327
109 327
679 327
745 327
327 867
491 160
95 491
675 491
280 491
582 491
634 491
491 397
116 491
199 491
491 797
160 514
827 160
85 160
160 436
160 466
803 160
160 816
206 160
641 160
710 160
514 877
96 514
634 514
514 482
514 901
354 514
514 126
514 202
514 399
514 643
877 748
770 877
187 877
437 877
877 88
877 887
877 605
957 877
439 877
562 877
748 231
800 748
748 729
459 748
429 748
748 214
91 748
748 403
748 273
313 748
231 432
227 231
548 231
809 231
817 231
940 231
412 231
803 231
903 231
231 937
432 484
151 432
432 32
432 843
432 554
450 432
757 432
432 235
544 432
731 432
484 900
722 484
484 404
484 53
796 484
484 609
912 484
211 484
453 484
851 484
900 955
811 900
900 874
510 900
938 900
743 900
449 900
975 900
900 145
900 130
955 723
955 837
223 955
744 955
227 955
842 955
751 955
759 955
243 955
42 955
723 56
522 723
807 723
723 636
723 258
960 723
628 723
559 723
304 723
497 723
56 368
56 475
370 56
56 713
789 56
795 56
56 860
367 56
844 56
627 56
368 193
768 368
251 368
933 368
225 368
935 368
664 368
327 368
866 368
824 368
193 218
630 193
900 193
193 965
122 193
379 193
193 107
193 34
151 193
774 193
218 901
580 218
218 26
215 218
218 113
651 218
282 218
365 218
469 218
590 218
901 258
870 901
901 291
268 901
564 901
289 901
559 901
901 134
957 901
901 979
258 306
346 258
853 258
633 258
637 258
876 258
29 258
660 258
652 258
132 258
306 425
412 306
306 55
531 306
306 981
197 306
306 119
74 306
355 306
818 306
425 465
817 425
431 425
229 425
430 425
528 425
694 425
561 425
62 425
425 895
465 778
290 465
786 465
960 465
844 465
324 465
465 396
970 465
465 403
938 465
778 893
503 778
735 778
630 778
587 778
778 890
759 778
740 778
778 285
61 778
893 80
417 893
952 893
74 893
809 893
936 893
295 893
164 893
40 893
252 893
80 825
80 196
586 80
528 80
381 80
80 951
405 80
80 887
239 80
80 392
825 179
825 674
865 825
897 825
351 825
409 825
639 825
825 552
839 825
452 825
179 714
576 179
440 179
342 179
921 179
179 622
591 179
179 781
179 690
437 179
714 246
714 233
792 714
334 714
714 524
70 714
283 714
371 714
557 714
388 714
246 490
246 802
115 246
246 709
306 246
884 246
246 650
726 246
952 246
246 214
490 518
281 490
6 490
752 490
286 490
941 490
377 490
190 490
490 117
878 490
518 697
838 518
862 518
385 518
154 518
518 860
785 518
897 518
182 518
518 473
697 769
380 697
288 697
455 697
697 823
697 119
831 697
512 697
63 697
386 697
769 540
317 769
322 769
852 769
168 769
241 769
746 769
336 769
769 358
969 769
540 93
422 540
110 540
868 540
540 956
210 540
540 84
540 823
651 540
81 540
93 291
227 93
298 93
382 93
579 93
93 458
700 93
515 93
41 93
977 93
291 414
112 291
291 925
638 291
228 291
856 291
582 291
158 291
865 291
156 291
414 730
889 414
313 414
651 414
685 414
866 414
984 414
349 414
414 523
414 72
730 447
730 520
923 730
988 730
758 730
730 647
583 730
730 948
744 730
730 404
447 629
245 447
577 447
447 235
191 447
91 447
447 24
841 447
272 447
230 447
629 788
835 629
25 629
491 629
629 965
962 629
327 629
940 629
476 629
838 629
788 672
866 788
858 788
841 788
118 788
531 788
863 788
784 788
693 788
6 788
672 1000
994 672
494 672
158 672
944 672
576 672
168 672
672 533
672 84
73 672
1000 293
1000 613
1000 720
1000 741
433 1000
715 1000
599 1000
307 1000
575 1000
539 1000
293 974
440 293
293 676
998 293
442 293
718 293
90 293
255 293
293 119
245 293
974 166
751 974
655 974
896 974
275 974
974 397
400 974
153 974
497 974
39 974
166 843
616 166
567 166
56 166
324 166
165 166
938 166
751 166
931 166
710 166
843 563
843 88
539 843
217 843
269 843
843 383
805 843
843 667
856 843
843 314
563 128
290 563
991 563
563 34
182 563
563 702
407 563
165 563
687 563
138 563
128 574
771 128
496 128
291 128
932 128
866 128
104 128
128 545
735 128
481 128
574 622
660 574
574 993
373 574
875 574
244 574
276 574
347 574
299 574
706 574
622 613
817 622
726 622
572 622
622 830
40 622
212 622
745 622
622 314
410 622
613 670
241 613
613 15
509 613
151 613
175 613
361 613
613 200
952 613
732 613
670 320
319 670
919 670
670 676
668 670
65 670
601 670
258 670
828 670
503 670
320 673
744 320
320 348
818 320
619 320
885 320
691 320
788 320
596 320
806 320
673 67
39 673
421 673
351 673
40 673
258 673
318 673
495 673
884 673
338 673
67 605
326 67
274 67
808 67
165 67
699 67
67 214
67 930
875 67
770 67
605 674
163 605
645 605
605 880
575 605
111 605
800 605
252 605
298 605
605 924
674 375
78 674
288 674
696 674
442 674
236 674
674 644
751 674
632 674
91 674
375 965
138 375
375 924
375 874
129 375
478 375
85 375
375 26
318 375
82 375
965 709
137 965
645 965
681 965
310 965
749 965
767 965
965 260
468 965
965 741
709 372
957 709
709 888
455 709
168 709
995 709
512 709
588 709
709 352
646 709
372 192
595 372
372 606
372 167
312 372
372 623
74 372
372 257
131 372
974 372
192 418
442 192
794 192
192 498
555 192
192 524
192 644
192 802
833 192
175 192
418 647
121 418
418 643
913 418
248 418
298 418
845 418
65 418
954 418
613 418
647 238
315 647
564 647
647 690
123 647
696 647
573 647
710 647
175 647
248 647
238 677
238 649
354 238
576 238
540 238
238 396
154 238
387 238
842 238
414 238
677 823
341 677
183 677
950 677
338 677
45 677
326 677
558 677
985 677
182 677
823 198
953 823
211 823
335 823
189 823
823 887
245 823
506 823
759 823
653 823
198 314
964 198
514 198
868 198
938 198
198 466
198 804
62 198
883 198
198 981
314 846
731 314
314 636
301 314
314 202
432 314
314 536
771 314
668 314
695 314
846 922
569 846
236 846
846 702
245 846
706 846
865 846
858 846
514 846
801 846
922 554
836 922
133 922
908 922
14 922
922 773
922 725
544 922
320 922
624 922
554 53
557 554
853 554
554 804
448 554
140 554
788 554
710 554
944 554
381 554
53 981
463 53
641 53
540 53
57 53
917 53
919 53
289 53
105 53
239 53
981 27
764 981
47 981
67 981
232 981
774 981
981 237
981 520
751 981
64 981
27 55
689 27
27 781
602 27
27 780
718 27
27 948
20 27
27 126
660 27
55 690
483 55
922 55
55 976
603 55
620 55
994 55
831 55
328 55
521 55
690 113
897 690
424 690
370 690
690 54
267 690
517 690
690 623
622 690
480 690
113 427
463 113
240 113
691 113
368 113
857 113
113 254
708 113
809 113
718 113
427 501
617 427
400 427
59 427
745 427
388 427
961 427
53 427
799 427
614 427
501 654
776 501
501 669
501 186
763 501
121 501
604 501
501 717
501 934
131 501
654 188
838 654
591 654
654 403
586 654
654 202
654 924
654 720
143 654
59 654
188 536
188 200
38 188
699 188
188 815
666 188
188 867
950 188
658 188
307 188
536 399
7 536
836 536
944 536
889 536
230 536
195 536
698 536
857 536
382 536
399 475
248 399
194 399
341 399
866 399
399 261
364 399
864 399
764 399
449 399
475 914
23 475
969 475
998 475
868 475
700 475
62 475
283 475
461 475
22 475
914 145
452 914
213 914
757 914
914 167
490 914
870 914
385 914
158 914
914 607
145 466
762 145
479 145
506 145
138 145
749 145
316 145
125 145
712 145
184 145
466 779
466 308
761 466
466 552
495 466
639 466
431 466
466 482
801 466
884 466
779 34
779 797
226 779
779 477
779 780
141 779
388 779
779 956
779 249
779 24
34 815
876 34
175 34
758 34
284 34
384 34
433 34
34 196
905 34
399 34
815 214
995 815
815 87
44 815
661 815
390 815
496 815
464 815
815 930
589 815
214 888
364 214
281 214
859 214
214 951
266 214
214 343
197 214
291 214
214 821
888 821
157 888
190 888
861 888
928 888
402 888
888 134
872 888
766 888
180 888
821 169
496 821
821 261
507 821
818 821
872 821
414 821
973 821
809 821
536 821
169 750
320 169
718 169
289 169
146 169
169 543
169 331
664 169
703 169
547 169
750 397
622 750
678 750
136 750
250 750
353 750
430 750
831 750
244 750
570 750
397 149
583 397
489 397
540 397
252 397
397 987
556 397
7 397
105 397
921 397
149 362
149 66
149 457
466 149
303 149
149 887
208 149
214 149
603 149
149 525
362 249
362 525
362 126
256 362
663 362
959 362
73 362
532 362
764 362
718 362
249 640
715 249
648 249
175 249
938 249
434 249
249 257
435 249
249 727
857 249
640 333
571 640
970 640
772 640
722 640
271 640
640 951
189 640
203 640
904 640
333 126
74 333
333 352
762 333
60 333
116 333
333 32
579 333
626 333
333 545
126 702
192 126
357 126
126 403
752 126
158 126
126 505
126 366
531 126
417 126
702 937
371 702
572 702
702 16
702 804
338 702
512 702
248 702
793 702
691 702
937 612
632 937
244 937
364 937
809 937
468 937
173 937
296 937
538 937
2 937
612 500
171 612
55 612
705 612
612 221
363 612
67 612
74 612
193 612
612 202
500 920
370 500
500 934
500 331
500 797
726 500
405 500
232 500
628 500
336 500
920 352
920 533
920 77
547 920
118 920
509 920
786 920
682 920
432 920
263 920
352 66
304 352
955 352
627 352
863 352
850 352
945 352
836 352
182 352
352 621
66 396
212 66
513 66
601 66
371 66
102 66
640 66
66 376
56 66
510 66
396 606
215 396
841 396
818 396
396 15
396 127
845 396
761 396
974 396
387 396
606 404
835 606
194 606
606 358
2 606
123 606
943 606
577 606
626 606
606 235
404 15
507 404
547 404
404 880
52 404
962 404
564 404
404 376
122 404
548 404
15 924
935 15
301 15
15 542
238 15
35 15
919 15
270 15
15 946
518 15
924 127
590 924
207 924
909 924
924 729
603 924
924 951
932 924
576 924
924 993
127 467
706 127
275 127
246 127
81 127
558 127
553 127
23 127
127 773
790 127
467 54
932 467
103 467
384 467
467 855
293 467
695 467
480 467
960 467
61 467
54 830
328 54
54 254
54 993
999 54
589 54
721 54
680 54
709 54
242 54
830 446
963 830
400 830
416 830
830 887
982 830
694 830
957 830
883 830
51 830
446 623
214 446
875 446
342 446
446 520
633 446
56 446
783 446
459 446
820 446
623 16
491 623
645 623
567 623
558 623
424 623
954 623
662 623
197 623
869 623
16 837
859 16
877 16
243 16
16 934
989 16
450 16
58 16
236 16
27 16
837 987
915 837
400 837
406 837
837 542
837 196
361 837
758 837
755 837
340 837
987 88
179 987
156 987
861 987
579 987
756 987
276 987
694 987
648 987
418 987
88 408
783 88
386 88
88 822
994 88
659 88
97 88
807 88
796 88
481 88
408 202
690 408
480 408
868 408
502 408
551 408
168 408
152 408
490 408
408 780
202 391
202 498
858 202
950 202
886 202
761 202
723 202
448 202
733 202
295 202
391 990
919 391
655 391
23 391
55 391
742 391
659 391
391 791
472 391
766 391
990 534
990 486
197 990
990 392
990 162
430 990
158 990
453 990
990 874
339 990
534 802
579 534
29 534
534 747
687 534
282 534
978 534
986 534
410 534
625 534
802 791
652 802
972 802
920 802
892 802
52 802
227 802
232 802
35 802
957 802
791 257
535 791
475 791
479 791
314 791
476 791
484 791
377 791
791 33
515 791
257 134
685 257
831 257
102 257
532 257
940 257
770 257
31 257
928 257
990 257
134 741
340 134
462 134
579 134
134 881
685 134
571 134
156 134
944 134
350 134
741 383
340 741
741 84
278 741
430 741
435 741
177 741
118 741
911 741
901 741
383 644
553 383
160 383
712 383
625 383
383 956
136 383
383 727
958 383
383 934
644 451
899 644
644 533
71 644
441 644
808 644
570 644
532 644
363 644
838 644
451 358
57 451
210 451
451 485
852 451
488 451
451 894
905 451
746 451
451 773
358 308
358 530
526 358
504 358
362 358
365 358
785 358
165 358
475 358
358 162
308 934
852 308
491 308
238 308
563 308
957 308
663 308
644 308
844 308
391 308
934 426
213 934
466 934
934 186
900 934
934 162
934 107
742 934
970 934
438 934
426 77
426 505
786 426
347 426
344 426
206 426
195 426
279 426
207 426
417 426
77 17
266 77
655 77
469 77
941 77
316 77
379 77
613 77
77 498
553 77
17 636
389 17
318 17
17 221
469 17
55 17
173 17
290 17
511 17
76 17
636 477
827 636
452 636
122 636
417 636
313 636
106 636
384 636
907 636
735 636
477 621
138 477
683 477
477 10
828 477
250 477
95 477
963 477
863 477
440 477
621 10
526 621
397 621
78 621
478 621
621 162
621 205
920 621
792 621
660 621
10 525
945 10
287 10
10 609
10 946
900 10
484 10
629 10
197 10
723 10
525 729
943 525
525 797
525 508
658 525
691 525
749 525
499 525
591 525
553 525
729 533
358 729
844 729
481 729
230 729
729 508
646 729
737 729
16 729
67 729
533 84
510 533
623 533
54 533
759 533
85 533
533 155
197 533
419 533
441 533
84 855
651 84
137 84
408 84
559 84
84 966
175 84
631 84
456 84
201 84
855 727
855 826
959 855
238 855
984 855
855 398
814 855
673 855
661 855
711 855
727 119
808 727
126 727
727 747
455 727
514 727
727 196
20 727
849 727
727 895
119 530
933 119
121 119
750 119
970 119
179 119
170 119
810 119
675 119
908 119
530 394
512 530
477 530
961 530
211 530
685 530
56 530
928 530
277 530
563 530
394 26
135 394
850 394
327 394
123 394
764 394
812 394
414 394
921 394
394 822
26 445
26 99
340 26
97 26
986 26
595 26
802 26
623 26
26 376
280 26
445 854
455 445
622 445
304 445
445 867
173 445
995 445
445 649
102 445
445 186
854 3
229 854
73 854
36 854
415 854
225 854
147 854
855 854
595 854
893 854
3 874
85 3
3 436
570 3
632 3
125 3
775 3
119 3
13 3
673 3
874 925
477 874
371 874
380 874
500 874
623 874
554 874
318 874
499 874
955 874
925 403
127 925
673 925
332 925
396 925
600 925
174 925
462 925
216 925
657 925
403 235
318 403
422 403
403 980
373 403
774 403
813 403
501 403
528 403
403 523
235 155
418 235
135 235
274 235
235 979
907 235
235 260
825 235
235 993
329 235
155 976
541 155
793 155
743 155
477 155
653 155
483 155
526 155
885 155
155 725
976 348
859 976
1 976
115 976
751 976
601 976
844 976
259 976
690 976
245 976
348 676
487 348
874 348
875 348
513 348
212 348
905 348
986 348
419 348
333 348
676 186
787 676
605 676
15 676
262 676
506 676
676 161
252 676
712 676
676 753
186 649
54 186
754 186
627 186
877 186
710 186
837 186
186 457
591 186
599 186
649 895
170 649
337 649
404 649
377 649
715 649
246 649
727 649
382 649
777 649
895 804
895 167
857 895
2 895
955 895
863 895
970 895
461 895
98 895
630 895
804 209
59 804
148 804
332 804
69 804
878 804
76 804
804 498
124 804
89 804
209 107
955 209
752 209
209 822
37 209
621 209
413 209
474 209
277 209
586 209
107 780
674 107
608 107
276 107
677 107
1 107
801 107
615 107
568 107
129 107
780 890
824 780
315 780
657 780
307 780
780 482
879 780
31 780
68 780
114 780
890 204
587 890
158 890
329 890
239 890
194 890
293 890
529 890
102 890
660 890
204 894
659 204
203 204
444 204
428 204
692 204
150 204
297 204
865 204
874 204
894 233
110 894
152 894
728 894
469 894
642 894
756 894
106 894
406 894
673 894
233 330
589 233
879 233
811 233
507 233
869 233
382 233
240 233
749 233
54 233
330 781
500 330
330 520
231 330
678 330
267 330
803 330
695 330
998 330
596 330
781 669
918 781
781 87
115 781
580 781
703 781
781 867
883 781
506 781
207 781
669 826
171 669
158 669
659 669
801 669
483 669
194 669
148 669
931 669
958 669
826 667
264 826
971 826
158 826
459 826
367 826
34 826
47 826
265 826
995 826
667 520
351 667
824 667
667 543
173 667
808 667
905 667
329 667
347 667
828 667
520 542
983 520
809 520
837 520
696 520
621 520
520 618
520 457
509 520
853 520
542 120
927 542
542 543
649 542
88 542
249 542
255 542
916 542
283 542
779 542
120 162
897 120
709 120
380 120
962 120
220 120
349 120
923 120
989 120
430 120
162 311
727 162
341 162
433 162
515 162
211 162
798 162
448 162
420 162
210 162
311 992
574 311
857 311
467 311
311 99
837 311
174 311
381 311
738 311
311 331
992 261
671 992
992 24
109 992
45 992
520 992
173 992
994 992
707 992
459 992
261 956
178 261
630 261
805 261
479 261
63 261
763 261
289 261
195 261
344 261
956 822
652 956
956 392
866 956
809 956
480 956
93 956
741 956
277 956
956 880
822 720
706 822
733 822
637 822
340 822
822 523
527 822
666 822
410 822
478 822
720 717
740 720
174 720
137 720
869 720
573 720
289 720
872 720
183 720
437 720
717 366
464 717
886 717
91 717
809 717
717 79
671 717
601 717
739 717
209 717
366 505
158 366
238 366
366 457
646 366
550 366
926 366
651 366
329 366
316 366
505 99
505 816
982 505
774 505
601 505
160 505
729 505
882 505
657 505
722 505
99 543
38 99
294 99
754 99
395 99
22 99
418 99
560 99
145 99
565 99
543 161
496 543
631 543
307 543
158 543
857 543
175 543
543 725
483 543
866 543
161 376
338 161
560 161
295 161
626 161
496 161
116 161
62 161
915 161
150 161
376 980
565 376
760 376
658 376
143 376
30 376
654 376
783 376
78 376
832 376
980 79
291 980
775 980
980 72
882 980
944 980
579 980
317 980
339 980
664 980
79 816
503 79
193 79
975 79
434 79
309 79
111 79
413 79
47 79
143 79
816 100
455 816
239 816
895 816
816 948
173 816
263 816
669 816
443 816
816 840
100 482
280 100
585 100
782 100
957 100
864 100
956 100
82 100
216 100
660 100
482 345
211 482
425 482
789 482
943 482
383 482
482 867
970 482
344 482
245 482
345 773
886 345
628 345
379 345
399 345
31 345
799 345
842 345
53 345
818 345
773 498
752 773
500 773
773 968
536 773
865 773
847 773
144 773
624 773
928 773
498 374
404 498
786 498
243 498
506 498
791 498
845 498
88 498
973 498
249 498
374 719
780 374
766 374
172 374
940 374
565 374
926 374
374 887
98 374
509 374
719 473
99 719
915 719
949 719
268 719
98 719
68 719
313 719
443 719
20 719
473 24
248 473
172 473
921 473
223 473
169 473
836 473
375 473
649 473
766 473
24 205
644 24
10 24
296 24
796 24
802 24
588 24
885 24
901 24
59 24
205 32
205 753
205 485
793 205
286 205
628 205
205 130
912 205
678 205
179 205
32 237
445 32
655 32
582 32
141 32
91 32
306 32
342 32
839 32
794 32
237 508
585 237
56 237
321 237
885 237
90 237
676 237
341 237
537 237
68 237
508 524
614 508
929 508
508 840
647 508
56 508
927 508
615 508
472 508
781 508
524 979
730 524
49 524
67 524
349 524
102 524
288 524
657 524
835 524
728 524
979 436
159 979
155 979
65 979
316 979
103 979
80 979
432 979
570 979
834 979
436 130
487 436
15 436
777 436
163 436
662 436
519 436
934 436
387 436
721 436
130 260
319 130
390 130
368 130
455 130
670 130
862 130
769 130
222 130
631 130
260 650
557 260
917 260
766 260
540 260
260 552
51 260
982 260
260 458
420 260
650 196
237 650
409 650
328 650
91 650
230 650
974 650
937 650
340 650
333 650
196 285
270 196
471 196
885 196
931 196
593 196
848 196
368 196
378 196
635 196
285 607
48 285
896 285
299 285
659 285
285 747
58 285
943 285
703 285
285 552
607 458
3 607
35 607
607 167
733 607
607 87
865 607
766 607
532 607
607 966
458 966
565 458
271 458
197 458
672 458
775 458
459 458
531 458
437 458
444 458
966 867
723 966
698 966
945 966
366 966
660 966
602 966
792 966
79 966
633 966
867 343
994 867
102 867
897 867
350 867
439 867
861 867
736 867
499 867
533 867
343 993
429 343
288 343
130 343
106 343
646 343
623 343
360 343
772 343
940 343
993 486
409 993
192 993
380 993
694 993
290 993
559 993
821 993
990 993
671 993
486 797
179 486
159 486
486 392
26 486
974 486
867 486
79 486
528 486
397 486
797 946
249 797
378 797
268 797
313 797
208 797
699 797
797 398
983 797
797 200
946 887
852 946
403 946
731 946
983 946
690 946
774 946
350 946
705 946
384 946
887 200
296 887
57 887
807 887
887 273
159 887
743 887
110 887
399 887
85 887
200 221
506 200
200 523
343 200
857 200
226 200
366 200
359 200
577 200
23 200
221 83
777 221
731 221
803 221
506 221
481 221
165 221
300 221
421 221
16 221
83 618
129 83
187 83
193 83
500 83
543 83
395 83
750 83
539 83
66 83
618 880
332 618
756 618
152 618
712 618
634 618
590 618
10 618
788 618
406 618
880 552
759 880
409 880
358 880
810 880
932 880
103 880
656 880
43 880
416 880
552 930
242 552
845 552
552 72
957 552
592 552
920 552
464 552
4 552
730 552
930 968
307 930
524 930
503 930
97 930
819 930
964 930
407 930
494 930
453 930
968 369
740 968
998 968
150 968
630 968
618 968
260 968
31 968
797 968
755 968
369 753
378 369
235 369
467 369
431 369
746 369
156 369
336 369
171 369
517 369
753 910
197 753
665 753
897 753
903 753
717 753
230 753
812 753
591 753
583 753
910 881
869 910
289 910
334 910
910 643
209 910
949 910
803 910
699 910
799 910
881 860
177 881
19 881
919 881
252 881
27 881
129 881
733 881
3 881
126 881
860 951
942 860
145 860
397 860
277 860
597 860
805 860
252 860
925 860
549 860
951 609
186 951
880 951
986 951
127 951
530 951
132 951
487 951
291 951
481 951
609 948
565 609
459 609
180 609
635 609
589 609
8 609
632 609
644 609
139 609
948 523
672 948
801 948
986 948
576 948
921 948
13 948
580 948
617 948
598 948
523 485
229 523
939 523
143 523
771 523
648 523
354 523
415 523
665 523
177 523
485 50
570 485
540 485
121 485
683 485
735 485
182 485
483 485
729 485
372 485
50 398
346 50
759 50
50 457
470 50
350 50
710 50
647 50
875 50
519 50
398 747
819 398
551 398
792 398
55 398
458 398
528 398
500 398
755 398
313 398
747 33
978 747
759 747
439 747
874 747
476 747
35 747
960 747
216 747
173 747
33 117
44 33
17 33
666 33
665 33
173 33
262 33
728 33
506 33
448 33
117 643
900 117
712 117
330 117
126 117
932 117
928 117
515 117
70 117
679 117
643 840
371 643
886 643
236 643
214 643
146 643
626 643
200 643
309 643
148 643
840 725
117 840
919 840
420 840
691 840
76 840
14 840
814 840
383 840
840 273
725 167
529 725
618 725
666 725
808 725
616 725
517 725
59 725
156 725
692 725
167 545
478 167
142 167
283 167
259 167
10 167
444 167
347 167
531 167
783 167
545 457
345 545
756 545
726 545
601 545
523 545
134 545
817 545
709 545
940 545
457 72
948 457
686 457
988 457
941 457
939 457
102 457
991 457
581 457
355 457
72 273
987 72
479 72
483 72
70 72
862 72
791 72
618 72
624 72
159 72
273 254
552 273
377 273
557 273
793 273
373 273
110 273
911 273
974 273
462 273
254 331
903 254
178 254
723 254
790 254
771 254
84 254
956 254
318 254
622 254
331 87
806 331
385 331
107 331
570 331
592 331
473 331
505 331
996 331
629 331
87 713
154 87
762 87
693 87
852 87
250 87
518 87
155 87
24 87
540 87
713 392
482 713
960 713
44 713
644 713
943 713
933 713
515 713
448 713
274 713
168 392
717 392
772 392
762 392
619 392
813 392
970 392
140 392
533 392
598 392
