999 998
553 182
2 182
838 182
422 182
869 182
316 182
32 182
675 182
351 182
672 182
678 182
280 182
326 182
266 182
844 182
140 182
264 182
659 182
764 182
818 182
45 182
198 182
496 182
17 182
534 182
751 182
371 182
105 182
248 182
58 182
41 182
224 182
625 182
541 182
118 182
660 182
796 182
715 182
864 182
501 182
687 182
827 182
938 182
638 182
288 182
981 182
547 182
774 182
612 182
963 182
441 182
262 182
111 182
857 182
995 182
695 182
432 182
277 182
95 182
962 182
716 182
299 182
853 182
896 182
80 182
430 182
157 182
492 182
728 182
517 182
452 182
186 182
881 182
574 182
689 182
133 182
970 182
709 182
22 182
212 182
942 182
712 182
585 182
28 182
385 182
767 182
61 182
419 182
128 182
933 182
364 182
405 182
66 182
444 182
769 182
341 182
481 182
693 182
798 182
100 182
84 182
175 182
739 182
753 182
82 182
148 182
314 182
398 182
451 182
71 182
592 182
276 182
484 182
514 182
49 182
320 182
872 182
953 182
545 182
563 182
195 182
493 182
412 182
286 182
219 182
760 182
114 182
648 182
973 182
77 182
733 182
603 182
775 182
840 182
39 182
92 182
628 182
900 182
491 182
771 182
368 182
327 182
707 182
397 182
307 182
937 182
469 182
300 182
216 182
273 182
420 182
191 182
338 182
88 182
282 182
147 182
386 182
785 182
508 182
101 182
480 182
57 182
699 182
512 182
867 182
605 182
890 182
149 182
861 182
983 182
674 182
483 182
460 182
768 182
654 182
372 182
982 182
37 182
643 182
813 182
540 182
627 182
342 182
725 182
580 182
943 182
103 182
686 182
458 182
256 182
223 182
204 182
345 182
897 182
410 182
845 182
749 182
820 182
383 182
81 182
426 182
409 182
899 182
647 182
907 182
523 182
6 182
436 182
459 182
293 182
110 182
23 182
902 182
134 182
730 182
617 182
994 182
274 182
723 182
746 182
272 182
329 182
183 182
72 182
403 182
160 182
391 182
510 182
916 182
295 182
883 182
837 182
268 182
789 182
181 182
52 182
979 182
801 182
150 182
201 182
291 182
113 182
997 182
207 182
161 182
832 182
777 182
552 182
476 182
169 182
167 182
352 182
923 182
795 182
927 182
470 182
934 182
377 182
348 182
931 182
901 182
736 182
644 182
908 182
516 182
205 182
894 182
847 182
961 182
359 182
196 182
400 182
821 182
878 182
60 182
194 182
125 182
783 182
178 182
265 182
225 182
36 182
413 182
915 182
434 182
748 182
87 182
939 182
637 182
575 182
387 182
865 182
633 182
91 182
448 182
474 182
258 182
525 182
73 182
848 182
966 182
556 182
531 182
952 182
634 182
322 182
949 182
302 182
650 182
217 182
240 182
909 182
331 182
944 182
325 182
810 182
9 182
155 182
218 182
945 182
433 182
369 182
319 182
830 182
737 182
620 182
855 182
69 182
720 182
928 182
657 182
202 182
334 182
416 182
738 182
530 182
323 182
621 182
350 182
835 182
549 182
681 182
958 182
758 182
137 182
856 182
978 182
232 182
969 182
989 182
488 182
611 182
568 182
450 182
582 182
828 182
803 182
203 182
950 182
250 182
16 182
892 182
936 182
366 182
310 182
68 182
10 182
344 182
849 182
607 182
90 182
805 182
941 182
577 182
988 182
19 182
601 182
63 182
951 182
184 182
794 182
858 182
985 182
527 182
922 182
932 182
679 182
393 182
692 182
242 182
106 182
763 182
542 182
406 182
918 182
537 182
209 182
993 182
27 182
822 182
874 182
841 182
967 182
278 182
842 182
854 182
287 182
497 182
478 182
791 182
852 182
613 182
415 182
815 182
653 182
190 182
494 182
772 182
346 182
402 182
317 182
121 182
946 182
761 182
116 182
127 182
578 182
31 182
376 182
977 182
428 182
816 182
284 182
673 182
863 182
519 182
926 182
170 182
998 182
671 182
289 182
315 182
924 182
1 182
721 182
781 182
456 182
44 182
859 182
980 182
851 182
717 182
461 182
502 182
427 182
306 182
164 182
243 182
935 182
834 182
135 182
445 182
467 182
485 182
3 182
321 182
778 182
425 182
171 182
557 182
544 182
506 182
850 182
275 182
532 182
312 182
174 182
270 182
630 182
130 182
636 182
297 182
964 182
588 182
226 182
752 182
560 182
65 182
846 182
587 182
535 182
529 182
126 182
569 182
294 182
340 182
449 182
357 182
271 182
182 463
182 119
182 356
182 247
182 115
182 192
182 146
182 819
182 511
182 990
182 833
182 14
182 401
182 472
182 509
182 708
182 260
182 489
182 895
182 920
182 903
182 843
182 626
182 99
182 735
182 138
182 38
182 608
182 992
182 360
182 826
182 355
182 465
182 713
182 102
182 418
182 912
182 67
182 624
182 690
182 754
182 666
182 388
182 670
182 667
182 197
182 168
182 576
182 889
182 399
182 33
182 956
182 227
182 292
182 714
182 457
182 367
182 163
182 573
182 571
182 905
182 755
182 677
182 991
182 8
182 614
182 86
182 773
182 7
182 373
182 24
182 408
182 59
182 132
182 505
182 104
182 921
182 729
182 651
182 711
182 35
182 779
182 565
182 984
182 495
182 521
182 806
182 616
182 421
182 566
182 718
182 296
182 154
182 309
182 623
182 94
182 4
182 515
182 283
182 335
182 724
182 593
182 696
182 629
182 245
182 885
182 40
182 189
182 395
182 860
182 619
182 836
182 79
182 661
182 499
182 503
182 96
182 999
182 172
182 251
182 381
182 682
182 590
182 29
182 453
182 228
182 790
182 213
182 579
182 267
182 354
182 586
182 600
182 392
182 107
182 153
182 538
182 437
182 143
182 871
182 722
182 965
182 656
182 380
182 825
182 668
182 144
182 396
182 429
182 498
182 954
182 809
182 649
182 814
182 539
182 97
182 454
182 13
182 955
182 868
182 618
182 929
182 561
182 870
182 210
182 873
182 788
182 235
182 475
182 56
182 390
182 85
182 520
182 330
182 823
182 811
182 664
182 595
182 308
182 25
182 757
182 743
182 298
182 241
182 599
182 866
182 898
182 829
182 513
182 914
182 972
182 635
182 439
182 83
182 996
182 744
182 745
182 487
182 694
182 404
182 756
182 464
182 311
182 804
182 64
182 486
182 747
182 642
182 562
182 812
182 877
182 440
182 261
182 343
182 490
182 93
182 700
182 759
182 782
182 188
182 632
182 567
182 435
182 886
182 318
182 43
182 710
182 5
182 543
182 684
182 462
182 572
182 305
182 285
182 740
182 652
182 555
182 117
182 152
182 443
182 414
182 53
182 792
182 500
182 641
182 732
182 876
182 705
182 187
182 940
182 551
182 665
182 279
182 252
182 703
182 831
182 353
182 704
182 799
182 208
182 358
182 680
182 42
182 165
182 974
182 78
182 109
182 18
182 269
182 417
182 766
182 455
182 473
182 558
182 15
182 726
182 691
182 206
182 807
182 21
182 947
182 960
182 423
182 281
182 482
182 808
182 787
182 231
182 658
182 591
182 89
182 304
182 584
182 884
182 554
182 124
182 879
182 548
182 337
182 948
182 382
182 221
182 477
182 370
182 407
182 727
182 378
182 875
182 332
182 151
182 662
182 374
182 880
182 339
182 793
182 564
182 669
182 233
182 522
182 917
182 550
182 891
182 129
182 904
182 254
182 906
182 971
182 290
182 75
182 424
182 504
182 136
182 987
182 215
182 384
182 479
182 685
182 179
182 120
182 62
182 55
182 750
182 533
182 910
182 375
182 255
182 518
182 719
182 249
182 411
182 913
182 389
182 975
182 688
182 655
182 925
182 797
182 166
182 676
182 765
182 645
182 173
182 328
182 123
182 762
182 640
182 185
182 882
182 12
182 570
182 303
182 237
182 622
182 706
182 26
182 919
182 74
182 362
182 50
182 301
182 862
182 615
182 824
182 698
182 159
182 176
182 379
182 246
182 112
182 468
182 887
182 76
182 222
182 930
182 959
182 361
182 20
182 957
182 471
182 244
182 986
182 610
182 442
182 333
182 142
182 609
182 438
182 528
182 365
182 199
182 98
182 598
182 193
182 683
182 968
182 145
182 800
182 526
182 51
182 802
182 776
182 236
182 466
182 349
182 911
182 536
182 893
182 324
182 347
182 70
182 888
182 604
182 546
182 594
182 363
182 639
182 817
182 234
182 239
182 742
182 839
182 162
182 780
182 139
182 253
182 211
182 524
182 602
182 230
182 156
182 158
182 731
182 734
182 122
182 663
182 180
182 257
182 220
182 214
182 229
182 701
182 30
182 431
182 646
182 108
182 784
182 507
182 770
182 976
182 702
182 394
182 697
182 34
182 559
182 259
182 313
182 606
182 741
182 54
182 597
182 46
182 631
182 581
182 47
182 336
182 200
182 177
182 583
182 596
182 238
182 786
182 48
182 589
182 263
182 141
182 11
182 447
182 446
182 131
